# Number of parameters = 313 Objective function value = -1854293.03513586  Maximum gradient component = 2.36719902599814e-05
# ln_mn_rec:
 17.0148342586169 12.8161201446134 12.0043773535646
# ln_mean_F:
 -1.97684602891573 -1.22962273401340 -3.44372117425015
# ln_mean_M2:
 -0.800000000000000 -0.800000000000000 -0.800000000000000 -0.800000000000000 -0.800000000000000 -0.800000000000000 -0.800000000000000 -0.800000000000000 -0.800000000000000 -0.800000000000000 -0.800000000000000 -0.800000000000000
 -0.800000000000000 -0.800000000000000 -0.800000000000000 -0.800000000000000 -0.800000000000000 -0.800000000000000 -0.800000000000000 -0.800000000000000 -0.800000000000000 -0.800000000000000 -0.800000000000000 -0.800000000000000
 -0.800000000000000 -0.800000000000000 -0.800000000000000 -0.800000000000000 -0.800000000000000 -0.800000000000000 -0.800000000000000 -0.800000000000000 -0.800000000000000 -0.800000000000000 -0.800000000000000 -0.800000000000000 -0.800000000000000 -0.800000000000000 -0.800000000000000 -0.800000000000000 -0.800000000000000 -0.800000000000000 -0.800000000000000 -0.800000000000000 -0.800000000000000
# rec_dev:
 1.14794683862395 0.519924158971028 0.903879427379316 0.521603143576346 1.66516926393176 0.581801873994479 1.44914345422587 0.840568768402175 0.384384789725022 -0.0813935297573813 0.457324425439934 1.45391065697070 0.763496239403063 0.317539397594642 1.10556118525322 0.271636189853769 0.107255437781850 0.782798015590240 1.10447729670069 0.483700249242085 0.299322069104004 0.733804201251571 1.04008020011979 0.668044657608517 0.473481153893051 -0.216508251725070 -0.517615267941116 0.177596940807227 0.847752258861831 -0.00145075469700195 1.20518472970137 0.600334988744537 0.225396646930974 -0.0207305978451480 1.52688622350955 0.932961889883297 0.365797648367410 -0.143718042699948 0.00654212106870666
 0.879214997475440 0.339998012531906 0.349582579886174 0.478567097434208 1.21615875668707 0.455264343456459 1.02869626371590 0.277029715407496 -0.0990442961205815 -0.176949795855679 0.816157655619413 1.17522433224604 0.614554193783146 0.604149830344392 0.807262884472591 -0.115798013623516 0.177456405340624 0.582279856345817 1.01061445566845 0.339461712502082 0.504458338688201 0.961284657477229 0.0655297916925175 0.0273450871051821 -0.0947018718573176 0.0899897859595917 -0.247324578484635 0.307450985402305 0.943734887925414 0.562882987666748 1.15932939258190 0.185898664556305 1.06329459010529 1.11621872917599 0.837834945982223 0.464332024018013 -0.532651736477352 -0.311576931326258 -0.925424015534501
 -0.489786139029835 -0.284210523823846 0.599368772508413 -0.833881080842549 -0.389555352982825 0.477093848433066 1.00546937630330 0.623354152754406 0.706930691079249 0.292228186999903 0.574679582806706 0.673489465214939 0.940044951387566 1.16281629006920 1.17434704557785 0.419157450960991 0.633613481049995 0.910058650781565 0.489897228213261 0.468260564338763 0.898395468099691 0.577186675983212 0.764402101388155 0.963512212943789 1.19889707706055 0.863029688297809 0.463359216575927 0.828570700990294 0.550567005056116 0.421433882417775 0.666242391684261 0.526579356123726 0.106632822513561 0.705967409242859 0.600620380333041 0.366078335991658 0.153876653180829 0.674535428394737 0.225114872393641
# init_dev:
 -0.133196972434231 -1.06151626773277 -1.71965783435547 -1.86116993070938 -2.30936513764782 -2.79212737571584 -2.80156369708927 -2.51424756590602 -2.34852747345677 -2.28940236606175 -3.15311534507318
 0.432237475510487 0.817431709159669 -0.881866395093777 -0.929558259886612 -1.29854604246703 -2.41751120367514 -2.62309249919575 -2.56924994844915 -2.41770521239256 -2.22591158756828 -2.82401370892913
 -0.449696482643532 -0.00294808317459605 -1.57831627287592 -0.0289246478835032 -1.03877415148874 -0.503621604158988 -0.250344133164303 -1.00693666802631 -1.44387815200995 -1.59985455217104 -1.63684913502124 -1.61140629026749 -1.54444662976087 -1.44998860219706 -1.31821979505761 -1.17293393051849 -1.02863051514623 -0.887600214726813 -0.721771242790695 -1.43323723915752
# F_dev:
 1.01600934347055 0.998692196411746 0.550150956251231 0.0632338123987797 -0.285299070118747 -0.388625013546900 -0.540509655238155 -0.458705994697098 -0.703612758810982 -0.353372573715426 -0.266717706262936 0.0570769606000088 0.0736851458394874 0.361920208302136 0.164253830749841 -0.0610451293728715 -0.0790588269296286 -0.177873135556263 -0.301261098909691 -0.171454901535622 -0.220939259939072 -0.0726646026596693 0.0507270969295153 0.133004374167815 0.200480257987063 0.138541488191500 0.185083628329764 0.241130046845679 0.239976286091734 0.199224170375595 0.0403666815554242 -0.0656757374714996 0.176775896649875 -0.0574478308129969 -0.164665768618848 -0.0887941558312928 -0.102770958154903 -0.0703946053544655 -0.259443483147848
 -0.268758769672704 -0.445455394368851 -0.770019293991824 -1.43871858535314 -1.08825427683334 -0.973383841498542 -0.774846934075722 -0.701331304548237 -0.685220789523132 -0.312273551101022 -0.446867586507523 -0.378354274881257 0.0412045009852662 0.189098540404864 0.394623014048662 0.259284175887448 0.415133060838526 0.257592605543755 0.463277221571381 -0.102939527662533 0.318108528043847 0.404803653734744 0.242933249075119 0.373810928645922 0.203079608504890 0.282635322846563 0.110134813914676 0.378040603053812 0.254339785929121 0.415147287620641 0.492425680771767 0.241634295392977 0.531350508897280 0.564152208777234 0.460541755631215 0.393360061988941 0.387813795646807 0.206124853359487 0.105774386164143
 0.614448319776864 0.911721125416719 0.832238719463842 0.526967045252091 0.615314185334984 0.324381916063379 0.0590620087800389 -0.0359068493625845 -0.429525445330466 1.00838949905425 -0.0361277990256390 0.358356823340667 0.631252844301551 0.113079175932189 -0.235599036367585 0.189438139101446 -0.393352189867120 0.132433030042503 -0.415389986856415 -0.0795420891299621 -0.571349388814019 -0.317586255926665 -0.238265665048612 -0.403343953349374 -0.193388002089822 -0.0265698630913178 -0.0792761652967506 -0.443759569742376 -0.578146134968962 -0.0933021629604003 -0.0835613613483002 -0.276193903233077 -0.0599128787853438 0.0190452231064633 -0.240014762076949 -0.157625223166075 -0.524357939048732 -0.231343116806661 -0.192697424830710
# M1_dev:
 0.00000000000000 0.00000000000000 0.00000000000000 0.00000000000000 0.00000000000000 0.00000000000000 0.00000000000000 0.00000000000000 0.00000000000000 0.00000000000000 0.00000000000000 0.00000000000000
 0.00000000000000 0.00000000000000 0.00000000000000 0.00000000000000 0.00000000000000 0.00000000000000 0.00000000000000 0.00000000000000 0.00000000000000 0.00000000000000 0.00000000000000 0.00000000000000
 0.00000000000000 0.00000000000000 0.00000000000000 0.00000000000000 0.00000000000000 0.00000000000000 0.00000000000000 0.00000000000000 0.00000000000000 0.00000000000000 0.00000000000000 0.00000000000000 0.00000000000000 0.00000000000000 0.00000000000000 0.00000000000000 0.00000000000000 0.00000000000000 0.00000000000000 0.00000000000000 0.00000000000000
# M2_dev:
 0.00000000000000 0.00000000000000 0.00000000000000 0.00000000000000 0.00000000000000 0.00000000000000 0.00000000000000 0.00000000000000 0.00000000000000 0.00000000000000 0.00000000000000 0.00000000000000 0.00000000000000 0.00000000000000 0.00000000000000 0.00000000000000 0.00000000000000 0.00000000000000 0.00000000000000 0.00000000000000 0.00000000000000 0.00000000000000 0.00000000000000 0.00000000000000 0.00000000000000 0.00000000000000 0.00000000000000 0.00000000000000 0.00000000000000 0.00000000000000 0.00000000000000 0.00000000000000 0.00000000000000 0.00000000000000 0.00000000000000 0.00000000000000 0.00000000000000 0.00000000000000 0.00000000000000
 0.00000000000000 0.00000000000000 0.00000000000000 0.00000000000000 0.00000000000000 0.00000000000000 0.00000000000000 0.00000000000000 0.00000000000000 0.00000000000000 0.00000000000000 0.00000000000000 0.00000000000000 0.00000000000000 0.00000000000000 0.00000000000000 0.00000000000000 0.00000000000000 0.00000000000000 0.00000000000000 0.00000000000000 0.00000000000000 0.00000000000000 0.00000000000000 0.00000000000000 0.00000000000000 0.00000000000000 0.00000000000000 0.00000000000000 0.00000000000000 0.00000000000000 0.00000000000000 0.00000000000000 0.00000000000000 0.00000000000000 0.00000000000000 0.00000000000000 0.00000000000000 0.00000000000000
 0.00000000000000 0.00000000000000 0.00000000000000 0.00000000000000 0.00000000000000 0.00000000000000 0.00000000000000 0.00000000000000 0.00000000000000 0.00000000000000 0.00000000000000 0.00000000000000 0.00000000000000 0.00000000000000 0.00000000000000 0.00000000000000 0.00000000000000 0.00000000000000 0.00000000000000 0.00000000000000 0.00000000000000 0.00000000000000 0.00000000000000 0.00000000000000 0.00000000000000 0.00000000000000 0.00000000000000 0.00000000000000 0.00000000000000 0.00000000000000 0.00000000000000 0.00000000000000 0.00000000000000 0.00000000000000 0.00000000000000 0.00000000000000 0.00000000000000 0.00000000000000 0.00000000000000
# fsh_sel_coff:
 -5.91194405761272 -3.31069920699765 -1.42082583262771 -0.294888952638948 0.284668942590228 0.626670125420518 0.696733063524787 0.569168908467673
 -8.55461261582562 -6.09980416451116 -3.66874510290713 -1.52769029986567 -0.137258928604285 0.662085764181474 0.906395815462501 0.903836760779085
 -4.15849611113584 -2.71694002974843 -1.66112726364411 -1.01256733276799 -0.551825497546866 0.501083408449139 1.20256706375197 0.593340596230255
# srv_sel_coff[1]:
 0.00000000000000 0.00000000000000 0.00000000000000 0.00000000000000 0.00000000000000 0.00000000000000 0.00000000000000 0.00000000000000
# srv_sel_coff[2]:
 0.00000000000000 0.00000000000000 0.00000000000000 0.00000000000000 0.00000000000000 0.00000000000000 0.00000000000000 0.00000000000000
# srv_sel_coff[3]:
 0.00000000000000 0.00000000000000 0.00000000000000 0.00000000000000 0.00000000000000 0.00000000000000 0.00000000000000 0.00000000000000
# srv_sel_inf[1]:
5.50522605962
# srv_sel_inf[2]:
1.78553105701
# srv_sel_inf[3]:
2.72904185755
# srv_sel_slp[1]:
0.816479343092
# srv_sel_slp[2]:
1.82668946076
# srv_sel_slp[3]:
2.08362625921
# log_eit_q:
-8.55068706960
# log_srv_q:
 0.00000000000 0.00000000000 0.00000000000
# ln_mean_M2_fut:
 0.00000000000 0.00000000000 0.00000000000 0.00000000000 0.00000000000 0.00000000000 0.00000000000 0.00000000000 0.00000000000 0.00000000000 0.00000000000 0.00000000000
 0.00000000000 0.00000000000 0.00000000000 0.00000000000 0.00000000000 0.00000000000 0.00000000000 0.00000000000 0.00000000000 0.00000000000 0.00000000000 0.00000000000
 0.00000000000 0.00000000000 0.00000000000 0.00000000000 0.00000000000 0.00000000000 0.00000000000 0.00000000000 0.00000000000 0.00000000000 0.00000000000 0.00000000000 0.00000000000 0.00000000000 0.00000000000 0.00000000000 0.00000000000 0.00000000000 0.00000000000 0.00000000000 0.00000000000
# ln_sigma_rec:
 0.00000000000 0.00000000000 0.00000000000
# h_rec:
 0.700000000000 0.700000000000 0.700000000000
