# Number of parameters = 313 Objective function value = -1846222.66740260  Maximum gradient component = 792.235244200900
# ln_mn_rec:
 15.5998721708620 11.5979167976389 11.6373183891548
# ln_mean_F:
 -1.48081732289232 -0.632299050296832 -3.38777040993062
# ln_mean_M2:
 -0.800000000000000 -0.800000000000000 -0.800000000000000 -0.800000000000000 -0.800000000000000 -0.800000000000000 -0.800000000000000 -0.800000000000000 -0.800000000000000 -0.800000000000000 -0.800000000000000 -0.800000000000000
 -0.800000000000000 -0.800000000000000 -0.800000000000000 -0.800000000000000 -0.800000000000000 -0.800000000000000 -0.800000000000000 -0.800000000000000 -0.800000000000000 -0.800000000000000 -0.800000000000000 -0.800000000000000
 -0.800000000000000 -0.800000000000000 -0.800000000000000 -0.800000000000000 -0.800000000000000 -0.800000000000000 -0.800000000000000 -0.800000000000000 -0.800000000000000 -0.800000000000000 -0.800000000000000 -0.800000000000000 -0.800000000000000 -0.800000000000000 -0.800000000000000 -0.800000000000000 -0.800000000000000 -0.800000000000000 -0.800000000000000 -0.800000000000000 -0.800000000000000
# rec_dev:
 2.89763624872583 2.34352678675539 2.63156026087986 1.78832009836086 3.17814682678957 0.941752296764095 2.97284053330102 2.08264276222339 0.775534516720375 -1.28783616340597 0.613873071049294 2.79036267486881 1.95750101868268 1.74505252188829 2.48607193588546 1.62168335132605 0.758783159965759 1.78083674998677 2.34366362087304 1.77383909245177 1.90331696853093 2.26369965359371 2.37054204885727 2.06042133212156 1.96300163494059 -0.164984215032804 -2.93494838624352 1.40849189872531 2.33095746800895 1.42387006597307 2.64545202237209 2.16555817718505 1.98594705636092 1.67717002599365 2.79515297981749 2.34510886778716 0.236034008867826 0.493622630525197 0.155050417587542
 0.121488447286175 -1.64123690595708 4.95027372398360 1.35671728964443 4.23433897980727 1.30143620821136 2.43204670316149 2.55269207231646 -1.68129148551573 0.911672406852899 3.06652133211697 3.27421008977401 2.17908437640826 1.87894072005251 2.74602249129832 2.48016862375770 2.36903143623280 2.44150150782926 3.52260772764318 2.86698456164543 1.02562090227291 2.70424504704373 1.62061382623369 3.64359838453451 2.41945006391649 2.47649064965771 1.44416407858407 1.76692216002127 2.90984520593976 2.69061235336899 2.54397843475467 2.22175172495728 2.94717189421502 3.62192359881694 -5.80028240184340 3.20182677622944 2.16247571864350 2.42710625181901 2.72985620238154
 -1.67284053850081 -0.270986234722823 1.29982202380723 -0.693375629561487 -0.254637729038020 1.21776037546628 1.11810877949060 0.671626872724547 0.941641797167819 0.937066527533490 0.557264254189223 1.09265889065506 1.26168884124375 1.47825737097315 1.65951043300428 0.696923426810619 1.63556335905906 0.894300632585159 1.11072169603091 0.902954443063990 1.25288528803741 1.11483466446661 1.07444291175992 1.49479141221672 1.87973414643164 1.54850531041143 1.01830088664371 1.34306191376334 1.02859877998384 1.28022891387904 0.636489112854740 1.43158508158551 0.947476380504641 1.30817466914776 1.92568982880929 0.559156632080050 1.19676317863848 1.67867127285371 0.464590466365395
# init_dev:
 1.36203584926679 0.482008522304188 -0.295227405416165 -0.929989683341883 -0.861857351466444 -5.59029778987126 -3.41807617058118 -1.84309892096002 -1.68160886895921 -1.47448751105300 -2.24615521651625
 2.59483641585104 0.435642474559172 2.55434606233974 -0.916237791317863 -0.305830629336173 -0.784921856041448 -1.88675850227055 -1.84609355155937 -1.60420474046247 -1.37788470872693 -1.90778440388996
 0.609286316071916 0.0221560339870592 -0.408984550554376 -0.0404452178043684 -0.249951832395093 -0.0700435147683027 -0.176413109237746 -0.470378101071322 -0.716374994162507 -0.784116943476810 -0.864023319153119 -0.903523827336999 -0.753986022155761 -0.810113165791076 -0.829847750398443 -0.852435701055613 -0.807994158313793 -0.648247459232076 -0.543129974127892 -0.822163738260624
# F_dev:
 2.12111800243068 1.59526876668529 0.743430394739192 0.0563232405750558 -0.411993895557906 -0.530329275835452 -0.752221732558358 -0.634202204329466 -0.827321091478343 -0.515794588213868 -0.460574784373661 0.0114096324840158 0.205037034571266 0.959219912578037 0.571997534371000 0.108526070702474 -0.0267121461161697 -0.157767897007254 -0.233930585582238 0.0627731296744862 0.259899502038135 0.712465227523182 0.931934604599840 0.852015345776971 0.595173658691683 0.242157754392638 0.138801408595032 0.132416554115135 0.0846746708878854 0.201871074890988 0.316882795194239 0.281081471783180 0.344377039235253 -0.0617789026837858 -0.309141995871563 -0.288737349885865 -0.399123796925526 -0.212763513672510 -0.156429972405657
 -0.344251991035842 -1.07073044624038 -1.27939974035143 -1.78140189387834 -1.92705779316569 -1.52971029446037 -1.60769875410639 -1.25126199318546 -0.881978414902942 -0.243162265400613 -0.353207938779992 -0.676931714127738 -0.351210514064844 -0.596526187842461 -0.415184829409622 -0.139409038811797 0.279919109266833 -0.181900387662200 -0.270952149737692 -0.729794417053572 -0.114864266755056 -0.210045552140281 -0.141367668199418 0.0205630952172982 -0.277368286987246 -0.274491932072845 -0.328990210880319 0.111231349784720 -0.445725964207060 -0.256151043363332 -0.409018398156460 -0.458049260961870 0.240420720349359 0.608243376782289 0.571833240986525 0.502917240814178 0.301862739212543 -0.0317175067399607 -0.178811716400155
 0.436407827702110 0.744274616351078 0.721831303722592 0.347751511442347 0.463735447143137 0.0919256123389882 -0.00771527574555364 -0.194271159729007 -0.654458824127952 0.901320693122184 -0.165628131747773 0.264502133032639 0.580311669356812 0.0841324832623549 -0.272660336419179 0.129063817215025 -0.389075805831698 0.118326841344334 -0.390325871602494 -0.0296687271550748 -0.564059125788724 -0.285761140062133 -0.199649464405930 -0.327933938723877 -0.190093119655618 -0.00197918384245455 -0.0593091983578073 -0.437372322053704 -0.556689605849424 -0.0853376734711713 -0.0798012499520215 -0.295169426419795 -0.0740969196781300 0.00957663784053153 -0.291961985559604 -0.223885804121725 -0.561785598542219 -0.370593065965178 -0.371472895121867
# M1_dev:
 0.00000000000000 0.00000000000000 0.00000000000000 0.00000000000000 0.00000000000000 0.00000000000000 0.00000000000000 0.00000000000000 0.00000000000000 0.00000000000000 0.00000000000000 0.00000000000000
 0.00000000000000 0.00000000000000 0.00000000000000 0.00000000000000 0.00000000000000 0.00000000000000 0.00000000000000 0.00000000000000 0.00000000000000 0.00000000000000 0.00000000000000 0.00000000000000
 0.00000000000000 0.00000000000000 0.00000000000000 0.00000000000000 0.00000000000000 0.00000000000000 0.00000000000000 0.00000000000000 0.00000000000000 0.00000000000000 0.00000000000000 0.00000000000000 0.00000000000000 0.00000000000000 0.00000000000000 0.00000000000000 0.00000000000000 0.00000000000000 0.00000000000000 0.00000000000000 0.00000000000000
# M2_dev:
 0.00000000000000 0.00000000000000 0.00000000000000 0.00000000000000 0.00000000000000 0.00000000000000 0.00000000000000 0.00000000000000 0.00000000000000 0.00000000000000 0.00000000000000 0.00000000000000 0.00000000000000 0.00000000000000 0.00000000000000 0.00000000000000 0.00000000000000 0.00000000000000 0.00000000000000 0.00000000000000 0.00000000000000 0.00000000000000 0.00000000000000 0.00000000000000 0.00000000000000 0.00000000000000 0.00000000000000 0.00000000000000 0.00000000000000 0.00000000000000 0.00000000000000 0.00000000000000 0.00000000000000 0.00000000000000 0.00000000000000 0.00000000000000 0.00000000000000 0.00000000000000 0.00000000000000
 0.00000000000000 0.00000000000000 0.00000000000000 0.00000000000000 0.00000000000000 0.00000000000000 0.00000000000000 0.00000000000000 0.00000000000000 0.00000000000000 0.00000000000000 0.00000000000000 0.00000000000000 0.00000000000000 0.00000000000000 0.00000000000000 0.00000000000000 0.00000000000000 0.00000000000000 0.00000000000000 0.00000000000000 0.00000000000000 0.00000000000000 0.00000000000000 0.00000000000000 0.00000000000000 0.00000000000000 0.00000000000000 0.00000000000000 0.00000000000000 0.00000000000000 0.00000000000000 0.00000000000000 0.00000000000000 0.00000000000000 0.00000000000000 0.00000000000000 0.00000000000000 0.00000000000000
 0.00000000000000 0.00000000000000 0.00000000000000 0.00000000000000 0.00000000000000 0.00000000000000 0.00000000000000 0.00000000000000 0.00000000000000 0.00000000000000 0.00000000000000 0.00000000000000 0.00000000000000 0.00000000000000 0.00000000000000 0.00000000000000 0.00000000000000 0.00000000000000 0.00000000000000 0.00000000000000 0.00000000000000 0.00000000000000 0.00000000000000 0.00000000000000 0.00000000000000 0.00000000000000 0.00000000000000 0.00000000000000 0.00000000000000 0.00000000000000 0.00000000000000 0.00000000000000 0.00000000000000 0.00000000000000 0.00000000000000 0.00000000000000 0.00000000000000 0.00000000000000 0.00000000000000
# fsh_sel_coff:
 -2.67365061858665 -2.08631539572144 -1.07230446826415 -0.112355627375806 0.544545412630731 0.998932615093370 1.31907358461550 1.05578898111293
 -3.25888259411849 -3.29978705110508 -2.75487778496647 -1.26512072855168 0.520550066730132 1.02470880313023 1.32763161874533 2.68146075519455
 -3.16634512122579 -1.93362581317909 -1.01895920129506 -0.463880506144682 0.0266882743641645 1.03274849331747 1.66646676371724 1.02352862279557
# srv_sel_coff[1]:
 0.00000000000000 0.00000000000000 0.00000000000000 0.00000000000000 0.00000000000000 0.00000000000000 0.00000000000000 0.00000000000000
# srv_sel_coff[2]:
 0.00000000000000 0.00000000000000 0.00000000000000 0.00000000000000 0.00000000000000 0.00000000000000 0.00000000000000 0.00000000000000
# srv_sel_coff[3]:
 0.00000000000000 0.00000000000000 0.00000000000000 0.00000000000000 0.00000000000000 0.00000000000000 0.00000000000000 0.00000000000000
# srv_sel_inf[1]:
4.46550963064
# srv_sel_inf[2]:
4.43598995348
# srv_sel_inf[3]:
4.45609608284
# srv_sel_slp[1]:
0.935558470939
# srv_sel_slp[2]:
0.763006739027
# srv_sel_slp[3]:
0.901736128450
# log_eit_q:
-6.70250000000
# log_srv_q:
 0.00000000000 0.00000000000 0.00000000000
# ln_mean_M2_fut:
 0.00000000000 0.00000000000 0.00000000000 0.00000000000 0.00000000000 0.00000000000 0.00000000000 0.00000000000 0.00000000000 0.00000000000 0.00000000000 0.00000000000
 0.00000000000 0.00000000000 0.00000000000 0.00000000000 0.00000000000 0.00000000000 0.00000000000 0.00000000000 0.00000000000 0.00000000000 0.00000000000 0.00000000000
 0.00000000000 0.00000000000 0.00000000000 0.00000000000 0.00000000000 0.00000000000 0.00000000000 0.00000000000 0.00000000000 0.00000000000 0.00000000000 0.00000000000 0.00000000000 0.00000000000 0.00000000000 0.00000000000 0.00000000000 0.00000000000 0.00000000000 0.00000000000 0.00000000000
# ln_sigma_rec:
 0.00000000000 0.00000000000 0.00000000000
# h_rec:
 0.700000000000 0.700000000000 0.700000000000
