# Number of parameters = 313 Objective function value = -1854322.88549766  Maximum gradient component = 1.96765904929269e-05
# ln_mn_rec:
 16.6398948184024 12.5479639409623 11.7193533899155
# ln_mean_F:
 -1.98304823173372 -1.24357028795715 -3.44622680288739
# ln_mean_M2:
 -0.800000000000000 -0.800000000000000 -0.800000000000000 -0.800000000000000 -0.800000000000000 -0.800000000000000 -0.800000000000000 -0.800000000000000 -0.800000000000000 -0.800000000000000 -0.800000000000000 -0.800000000000000
 -0.800000000000000 -0.800000000000000 -0.800000000000000 -0.800000000000000 -0.800000000000000 -0.800000000000000 -0.800000000000000 -0.800000000000000 -0.800000000000000 -0.800000000000000 -0.800000000000000 -0.800000000000000
 -0.800000000000000 -0.800000000000000 -0.800000000000000 -0.800000000000000 -0.800000000000000 -0.800000000000000 -0.800000000000000 -0.800000000000000 -0.800000000000000 -0.800000000000000 -0.800000000000000 -0.800000000000000 -0.800000000000000 -0.800000000000000 -0.800000000000000 -0.800000000000000 -0.800000000000000 -0.800000000000000 -0.800000000000000 -0.800000000000000 -0.800000000000000
# rec_dev:
 1.70532027120940 0.800655946796478 0.878384960230603 0.294314125978079 1.44595308414454 0.140195641557277 1.08234292825481 0.338012197691732 -0.303674242820829 -0.679220296183400 0.00278088698227386 1.51138286652948 0.805802621192345 0.479034640187628 1.17653161415328 0.107237126260740 -0.125765382057757 0.660875783117515 1.04986799016294 0.294804794714189 0.312481829979252 0.692580674805985 1.08215722551815 0.614893577696932 0.237028032142605 -0.487288941237829 -0.808885679359683 0.137046095612181 0.998609368510879 0.116515157969022 1.51545871689165 0.618957431108685 0.174180146871530 -0.0473106367492697 1.59823826403883 0.675325650750791 -0.0335138702264786 -0.258665361867635 0.0702219972487299
 1.02575326283755 0.415851637342019 0.212168591787369 0.342463193981104 1.03694289058915 0.254224843603284 0.940797042286770 0.0962015906172589 -0.360174307979776 -0.453098373297614 0.570995634045307 1.02699820614682 0.662880761771564 0.662651278947699 0.874816906955209 -0.155856329769561 0.102918106492174 0.494267654343876 0.940195516131002 0.294032814923250 0.559778921458378 0.936003441763324 0.0949963575774238 0.0117802973191985 -0.141028240249405 -0.0257469773216563 -0.348710351050265 0.321371673525309 0.960154485347706 0.602838605867523 1.24080585001200 0.184198396438390 0.994493140442341 1.05532686249155 0.835577885732636 0.396737365735616 -0.635183579679211 -0.512858006769743 -0.960496543578525
 -0.420420741708670 -0.388641424606094 0.413423312896555 -1.00276607466581 -0.606078422347720 0.321191250676922 0.825247717281774 0.380469147929565 0.436639821312726 0.0784173657454943 0.207560498940156 0.672687279104117 0.872247835829095 1.11550017542449 1.13655875869328 0.313006634001411 0.494672083379728 0.705842126489941 0.381665406891480 0.347702069832014 0.822280891491181 0.478695692243612 0.714594956958820 0.915635470261755 0.992471208729926 0.767991226274136 0.351567036867902 0.753797941834815 0.531936874473322 0.372878635708338 0.653305430399749 0.347682771227332 -0.0219187290297693 0.555256746843479 0.531717346127074 0.251436104892502 -0.114829558245130 0.447515561132318 0.232638941764483
# init_dev:
 0.433048591355830 -0.720812202562655 -1.34864879133314 -1.47649578023110 -1.92824361120934 -2.43038658582533 -2.45508000656993 -2.16630015011460 -2.00643199546587 -1.96401962441908 -2.80949706835184
 0.663251794838791 1.12629461013425 -0.743939099330396 -0.617605590377227 -1.07162673087314 -2.20413145447161 -2.41710786567054 -2.37654565979586 -2.23020515129770 -2.04911534794748 -2.63434001136573
 -0.228865273160530 0.276818268153772 -1.37218080398920 0.270966722458647 -0.802529841908161 -0.241911677548799 0.0858951637531451 -0.757199969049898 -1.19685760421072 -1.36752409386952 -1.40532188819035 -1.38195073972044 -1.32233274513786 -1.22931607126102 -1.10393780900836 -0.957917789939101 -0.801523189518900 -0.659345616157925 -0.538301049616624 -1.13624335879125
# F_dev:
 1.02190842074217 0.998892956121216 0.559416297205640 0.0820082772313651 -0.261072616409720 -0.361445553089643 -0.513802009206168 -0.430524821182033 -0.677846777208947 -0.333013318855871 -0.255686941010088 0.0597994363361138 0.0666703745722721 0.348584473497819 0.156479574006829 -0.0599617744719065 -0.0743541006696571 -0.174564303852309 -0.298771738659687 -0.174355438216439 -0.229041319612929 -0.0836584239380205 0.0396212118046453 0.121711006963194 0.192426887039471 0.134195512144785 0.180950754286149 0.231826125388231 0.227031662631784 0.179865683196279 0.0152116990726938 -0.0898357016269351 0.157540171602149 -0.0706431009538679 -0.168773930453122 -0.0877684083893921 -0.100403213764203 -0.0636605423157341 -0.264956490565769
 -0.214195001380837 -0.406407458340805 -0.751572481898069 -1.43065938430176 -1.07589228443971 -0.957702680220388 -0.754120321703413 -0.683377003386820 -0.676874929129012 -0.305156664906987 -0.443651213113419 -0.374218153985327 0.0502785160201196 0.191176560039921 0.387100713605264 0.250743396948248 0.411791861495640 0.259184469882198 0.463773758841818 -0.103727859227785 0.311989579941446 0.387667312423890 0.220507260280172 0.347868588812393 0.178762441201322 0.270351780574265 0.107018343316639 0.382547557763758 0.257787264029661 0.411617665463231 0.477525805189497 0.218780805575438 0.512667620406226 0.550547929951673 0.453156877781238 0.391146901046806 0.384730476670816 0.200139311916638 0.0986926169889575
 0.640198650228964 0.934282061048128 0.850086988419047 0.548099764118362 0.632045055475935 0.342954163794030 0.0737703566577323 -0.0257118466986643 -0.418934530321108 1.01593526038127 -0.0300481150008718 0.362621452328760 0.632119170618752 0.109660893585065 -0.239170657136558 0.183439188427979 -0.398813766367653 0.128806694316697 -0.421311920237329 -0.0864580880153483 -0.579788730860580 -0.326858800355220 -0.248075476472277 -0.414655197910927 -0.203025321980769 -0.0370358562956703 -0.0881897993903173 -0.453057334593741 -0.586259460385975 -0.100172742631772 -0.0920747723223716 -0.282302433718444 -0.0659559834197534 0.0142810402439846 -0.244346999476768 -0.161599091235106 -0.527859632685461 -0.237024950220022 -0.199569220409465
# M1_dev:
 0.00000000000000 0.00000000000000 0.00000000000000 0.00000000000000 0.00000000000000 0.00000000000000 0.00000000000000 0.00000000000000 0.00000000000000 0.00000000000000 0.00000000000000 0.00000000000000
 0.00000000000000 0.00000000000000 0.00000000000000 0.00000000000000 0.00000000000000 0.00000000000000 0.00000000000000 0.00000000000000 0.00000000000000 0.00000000000000 0.00000000000000 0.00000000000000
 0.00000000000000 0.00000000000000 0.00000000000000 0.00000000000000 0.00000000000000 0.00000000000000 0.00000000000000 0.00000000000000 0.00000000000000 0.00000000000000 0.00000000000000 0.00000000000000 0.00000000000000 0.00000000000000 0.00000000000000 0.00000000000000 0.00000000000000 0.00000000000000 0.00000000000000 0.00000000000000 0.00000000000000
# M2_dev:
 0.00000000000000 0.00000000000000 0.00000000000000 0.00000000000000 0.00000000000000 0.00000000000000 0.00000000000000 0.00000000000000 0.00000000000000 0.00000000000000 0.00000000000000 0.00000000000000 0.00000000000000 0.00000000000000 0.00000000000000 0.00000000000000 0.00000000000000 0.00000000000000 0.00000000000000 0.00000000000000 0.00000000000000 0.00000000000000 0.00000000000000 0.00000000000000 0.00000000000000 0.00000000000000 0.00000000000000 0.00000000000000 0.00000000000000 0.00000000000000 0.00000000000000 0.00000000000000 0.00000000000000 0.00000000000000 0.00000000000000 0.00000000000000 0.00000000000000 0.00000000000000 0.00000000000000
 0.00000000000000 0.00000000000000 0.00000000000000 0.00000000000000 0.00000000000000 0.00000000000000 0.00000000000000 0.00000000000000 0.00000000000000 0.00000000000000 0.00000000000000 0.00000000000000 0.00000000000000 0.00000000000000 0.00000000000000 0.00000000000000 0.00000000000000 0.00000000000000 0.00000000000000 0.00000000000000 0.00000000000000 0.00000000000000 0.00000000000000 0.00000000000000 0.00000000000000 0.00000000000000 0.00000000000000 0.00000000000000 0.00000000000000 0.00000000000000 0.00000000000000 0.00000000000000 0.00000000000000 0.00000000000000 0.00000000000000 0.00000000000000 0.00000000000000 0.00000000000000 0.00000000000000
 0.00000000000000 0.00000000000000 0.00000000000000 0.00000000000000 0.00000000000000 0.00000000000000 0.00000000000000 0.00000000000000 0.00000000000000 0.00000000000000 0.00000000000000 0.00000000000000 0.00000000000000 0.00000000000000 0.00000000000000 0.00000000000000 0.00000000000000 0.00000000000000 0.00000000000000 0.00000000000000 0.00000000000000 0.00000000000000 0.00000000000000 0.00000000000000 0.00000000000000 0.00000000000000 0.00000000000000 0.00000000000000 0.00000000000000 0.00000000000000 0.00000000000000 0.00000000000000 0.00000000000000 0.00000000000000 0.00000000000000 0.00000000000000 0.00000000000000 0.00000000000000 0.00000000000000
# fsh_sel_coff:
 -5.76443413287140 -3.23873209266858 -1.37054095872487 -0.276203668746784 0.286561863349683 0.623966398492735 0.691164773512541 0.560087507494321
 -8.51723436594140 -6.07830697938002 -3.65919079306806 -1.52296635856450 -0.128817242400885 0.664494550783347 0.899522412410556 0.905278023365794
 -3.95475852577816 -2.65102696041017 -1.64934494780971 -1.01143857470908 -0.552715291713762 0.501112839018205 1.19910862736778 0.594036905558218
# srv_sel_coff[1]:
 0.00000000000000 0.00000000000000 0.00000000000000 0.00000000000000 0.00000000000000 0.00000000000000 0.00000000000000 0.00000000000000
# srv_sel_coff[2]:
 0.00000000000000 0.00000000000000 0.00000000000000 0.00000000000000 0.00000000000000 0.00000000000000 0.00000000000000 0.00000000000000
# srv_sel_coff[3]:
 0.00000000000000 0.00000000000000 0.00000000000000 0.00000000000000 0.00000000000000 0.00000000000000 0.00000000000000 0.00000000000000
# srv_sel_inf[1]:
5.58588880140
# srv_sel_inf[2]:
1.68511118567
# srv_sel_inf[3]:
2.71641963215
# srv_sel_slp[1]:
0.732993056120
# srv_sel_slp[2]:
1.48556444375
# srv_sel_slp[3]:
1.92550217977
# log_eit_q:
-8.52791141505
# log_srv_q:
 0.00000000000 0.00000000000 0.00000000000
# ln_mean_M2_fut:
 0.00000000000 0.00000000000 0.00000000000 0.00000000000 0.00000000000 0.00000000000 0.00000000000 0.00000000000 0.00000000000 0.00000000000 0.00000000000 0.00000000000
 0.00000000000 0.00000000000 0.00000000000 0.00000000000 0.00000000000 0.00000000000 0.00000000000 0.00000000000 0.00000000000 0.00000000000 0.00000000000 0.00000000000
 0.00000000000 0.00000000000 0.00000000000 0.00000000000 0.00000000000 0.00000000000 0.00000000000 0.00000000000 0.00000000000 0.00000000000 0.00000000000 0.00000000000 0.00000000000 0.00000000000 0.00000000000 0.00000000000 0.00000000000 0.00000000000 0.00000000000 0.00000000000 0.00000000000
# ln_sigma_rec:
 0.00000000000 0.00000000000 0.00000000000
# h_rec:
 0.700000000000 0.700000000000 0.700000000000
