# Number of parameters = 313 Objective function value = -1854301.34736537  Maximum gradient component = 2.63480422581524e-06
# ln_mn_rec:
 16.7987656145422 12.7952103979863 11.9751160309158
# ln_mean_F:
 -1.99936847017752 -1.24033582673038 -3.44730486305796
# ln_mean_M2:
 -0.800000000000000 -0.800000000000000 -0.800000000000000 -0.800000000000000 -0.800000000000000 -0.800000000000000 -0.800000000000000 -0.800000000000000 -0.800000000000000 -0.800000000000000 -0.800000000000000 -0.800000000000000
 -0.800000000000000 -0.800000000000000 -0.800000000000000 -0.800000000000000 -0.800000000000000 -0.800000000000000 -0.800000000000000 -0.800000000000000 -0.800000000000000 -0.800000000000000 -0.800000000000000 -0.800000000000000
 -0.800000000000000 -0.800000000000000 -0.800000000000000 -0.800000000000000 -0.800000000000000 -0.800000000000000 -0.800000000000000 -0.800000000000000 -0.800000000000000 -0.800000000000000 -0.800000000000000 -0.800000000000000 -0.800000000000000 -0.800000000000000 -0.800000000000000 -0.800000000000000 -0.800000000000000 -0.800000000000000 -0.800000000000000 -0.800000000000000 -0.800000000000000
# rec_dev:
 1.23621735022040 0.544911647682989 0.876033103097276 0.449268418681628 1.60691064683126 0.455097843315430 1.35295915314373 0.707028000177122 0.203816749720145 -0.249099428524890 0.298718028588373 1.43353896532606 0.727822279373258 0.299504796031862 1.08023553058611 0.184869635720320 -0.00547665783212459 0.707014407365367 1.04786760627487 0.382976555530179 0.245000449949062 0.668915457326403 1.00343579684478 0.612783536013398 0.379143545138319 -0.316942682935625 -0.638467334243455 0.114025780090509 0.839016242902408 -0.0268604470104314 1.24242512616368 0.564971730350116 0.173348645783820 -0.0679904254483592 1.52288800705919 0.848626074690111 0.228433113572384 -0.130218719419965 0.0394000670421022
 0.893376190355916 0.349259931880903 0.340450847214907 0.466754027593218 1.19832771943846 0.435897123995643 1.01802757252887 0.258067099519263 -0.127513360013246 -0.206057576999774 0.788286705154661 1.16091104224968 0.618428639864154 0.609388316932744 0.813130141381247 -0.120312235376733 0.170098530594061 0.573629928344815 1.00438610490430 0.332850683494424 0.509243661777781 0.956477138829912 0.0655410801888561 0.0250917899154590 -0.101817747813048 0.0787940208197231 -0.257630223543323 0.307741674440081 0.945434767552804 0.565856945607699 1.16770275018440 0.184634143035519 1.05585244673266 1.10851778908294 0.836176004331190 0.454567723850715 -0.545808381434256 -0.340010423972023 -0.929289104226696
 -0.477530780553904 -0.289389151050839 0.582666497918407 -0.853866562573224 -0.416003212535166 0.459504735211558 0.983060762965206 0.598247320616936 0.674177842536540 0.267384183481624 0.523458290113366 0.674695273984957 0.935041757340231 1.16175756911210 1.17521931213275 0.410539676168719 0.619011533793927 0.887517739143904 0.478601649101254 0.455718686377240 0.892728268168224 0.567406602689866 0.761560849700514 0.960676736625270 1.17667626776027 0.852512173012396 0.449550692203822 0.818613730253057 0.549053678590997 0.417190620030492 0.668103872522277 0.507458582893737 0.0910678250455241 0.687659001779860 0.594329013679983 0.351427823013253 0.118992018003627 0.638668233969002 0.225621473397762
# init_dev:
 0.0957079212110656 -0.832800382721349 -1.49345673724246 -1.63493460354431 -2.08729348966583 -2.58184076053525 -2.59889846948794 -2.31064012978772 -2.14834709176478 -2.09826925194625 -2.95137555803598
 0.461818605592736 0.846727328102769 -0.865303625215114 -0.899363182883842 -1.27414193984334 -2.39303608162162 -2.59813070026740 -2.54513287825898 -2.39440854905791 -2.20348368073714 -2.80000878267319
 -0.421437898860395 0.0287313443590662 -1.55534183098710 0.00325241217529282 -1.01368312112589 -0.474368546585334 -0.215096533967497 -0.979777200706458 -1.41675512734885 -1.57500805186891 -1.61123035436524 -1.58656469300395 -1.52028686619286 -1.42589158297445 -1.29454014830266 -1.14967069846382 -1.00529908206626 -0.863612342978598 -0.700943425613779 -1.40158665672012
# F_dev:
 1.03378407843439 1.00620420677505 0.550381331524472 0.0615043397558619 -0.287405592993043 -0.390094929282229 -0.540787697578985 -0.455882061615551 -0.699445397741281 -0.347890569902351 -0.261170191838923 0.0622134673755337 0.0765267685238626 0.363241665092563 0.165357541790252 -0.0593876722636004 -0.0774785634086559 -0.176913245576765 -0.299636028305436 -0.170174445046987 -0.220292959502489 -0.0721593558058728 0.0515218853785466 0.133445425617563 0.201411207618207 0.140518739679006 0.187792998644582 0.242717277243852 0.240113804839963 0.195965193077381 0.0336045102172342 -0.0728108614582990 0.169942688720626 -0.0636536273831325 -0.169344757691036 -0.0939808185390056 -0.110740713042636 -0.0776400016910799 -0.269357415246690
 -0.266532175714101 -0.445409055110561 -0.771546393355138 -1.44076324381001 -1.08877591043438 -0.972256205178159 -0.772400004798758 -0.699078920183370 -0.683940586105988 -0.310987920149437 -0.444962413673158 -0.375275248704703 0.0455149517427031 0.192216876691544 0.395483240355894 0.259311624682175 0.415677473027475 0.258439357261773 0.463082560800288 -0.103908355968466 0.316566303242213 0.400940521595672 0.238470935354812 0.369838529088069 0.200195824641288 0.282086235349874 0.111403454290638 0.381019375843811 0.256605430618333 0.416170505020741 0.491987637930109 0.240155791127245 0.530104700153160 0.562666030349771 0.459457687011458 0.392650100815066 0.386816330516091 0.204613945054087 0.104360961385641
 0.618901822071003 0.915873918665106 0.835673545360356 0.530698186494774 0.618439594735424 0.327735804786586 0.0619695313361230 -0.0333156253049456 -0.427128114294417 1.01037743689508 -0.0344919919907163 0.359684286582558 0.632002609250977 0.113427076797624 -0.235573679857310 0.188995565442411 -0.394256922293643 0.131329410601865 -0.417090103895539 -0.0816089238087763 -0.573626495990675 -0.319932539567780 -0.240772579402114 -0.406064327268465 -0.195937024075787 -0.0291656118888675 -0.0816494547701545 -0.446122909631541 -0.580202309319596 -0.0949032346671359 -0.0850804610139129 -0.277464954149199 -0.0609880196744701 0.0182386597056290 -0.240648967600984 -0.158042889299328 -0.524529575827854 -0.231636437058032 -0.193114318503101
# M1_dev:
 0.00000000000000 0.00000000000000 0.00000000000000 0.00000000000000 0.00000000000000 0.00000000000000 0.00000000000000 0.00000000000000 0.00000000000000 0.00000000000000 0.00000000000000 0.00000000000000
 0.00000000000000 0.00000000000000 0.00000000000000 0.00000000000000 0.00000000000000 0.00000000000000 0.00000000000000 0.00000000000000 0.00000000000000 0.00000000000000 0.00000000000000 0.00000000000000
 0.00000000000000 0.00000000000000 0.00000000000000 0.00000000000000 0.00000000000000 0.00000000000000 0.00000000000000 0.00000000000000 0.00000000000000 0.00000000000000 0.00000000000000 0.00000000000000 0.00000000000000 0.00000000000000 0.00000000000000 0.00000000000000 0.00000000000000 0.00000000000000 0.00000000000000 0.00000000000000 0.00000000000000
# M2_dev:
 0.00000000000000 0.00000000000000 0.00000000000000 0.00000000000000 0.00000000000000 0.00000000000000 0.00000000000000 0.00000000000000 0.00000000000000 0.00000000000000 0.00000000000000 0.00000000000000 0.00000000000000 0.00000000000000 0.00000000000000 0.00000000000000 0.00000000000000 0.00000000000000 0.00000000000000 0.00000000000000 0.00000000000000 0.00000000000000 0.00000000000000 0.00000000000000 0.00000000000000 0.00000000000000 0.00000000000000 0.00000000000000 0.00000000000000 0.00000000000000 0.00000000000000 0.00000000000000 0.00000000000000 0.00000000000000 0.00000000000000 0.00000000000000 0.00000000000000 0.00000000000000 0.00000000000000
 0.00000000000000 0.00000000000000 0.00000000000000 0.00000000000000 0.00000000000000 0.00000000000000 0.00000000000000 0.00000000000000 0.00000000000000 0.00000000000000 0.00000000000000 0.00000000000000 0.00000000000000 0.00000000000000 0.00000000000000 0.00000000000000 0.00000000000000 0.00000000000000 0.00000000000000 0.00000000000000 0.00000000000000 0.00000000000000 0.00000000000000 0.00000000000000 0.00000000000000 0.00000000000000 0.00000000000000 0.00000000000000 0.00000000000000 0.00000000000000 0.00000000000000 0.00000000000000 0.00000000000000 0.00000000000000 0.00000000000000 0.00000000000000 0.00000000000000 0.00000000000000 0.00000000000000
 0.00000000000000 0.00000000000000 0.00000000000000 0.00000000000000 0.00000000000000 0.00000000000000 0.00000000000000 0.00000000000000 0.00000000000000 0.00000000000000 0.00000000000000 0.00000000000000 0.00000000000000 0.00000000000000 0.00000000000000 0.00000000000000 0.00000000000000 0.00000000000000 0.00000000000000 0.00000000000000 0.00000000000000 0.00000000000000 0.00000000000000 0.00000000000000 0.00000000000000 0.00000000000000 0.00000000000000 0.00000000000000 0.00000000000000 0.00000000000000 0.00000000000000 0.00000000000000 0.00000000000000 0.00000000000000 0.00000000000000 0.00000000000000 0.00000000000000 0.00000000000000 0.00000000000000
# fsh_sel_coff:
 -5.80328915397191 -3.28411288854452 -1.41397307173314 -0.290293118613212 0.286636484898315 0.627232475392150 0.695492483750616 0.564877153204025
 -8.54819275306912 -6.09420374594055 -3.66354217844043 -1.52225521537645 -0.131954276261825 0.665549173546966 0.905037135415050 0.900049950913626
 -4.13845275393283 -2.71265078881416 -1.66155067810052 -1.01277507116228 -0.551668774652105 0.501258762454782 1.20247914285253 0.593047224426156
# srv_sel_coff[1]:
 0.00000000000000 0.00000000000000 0.00000000000000 0.00000000000000 0.00000000000000 0.00000000000000 0.00000000000000 0.00000000000000
# srv_sel_coff[2]:
 0.00000000000000 0.00000000000000 0.00000000000000 0.00000000000000 0.00000000000000 0.00000000000000 0.00000000000000 0.00000000000000
# srv_sel_coff[3]:
 0.00000000000000 0.00000000000000 0.00000000000000 0.00000000000000 0.00000000000000 0.00000000000000 0.00000000000000 0.00000000000000
# srv_sel_inf[1]:
5.63160037727
# srv_sel_inf[2]:
1.78715682830
# srv_sel_inf[3]:
2.73350588776
# srv_sel_slp[1]:
0.755365609023
# srv_sel_slp[2]:
1.77803011315
# srv_sel_slp[3]:
2.05887537878
# log_eit_q:
-8.55762969953
# log_srv_q:
 0.00000000000 0.00000000000 0.00000000000
# ln_mean_M2_fut:
 0.00000000000 0.00000000000 0.00000000000 0.00000000000 0.00000000000 0.00000000000 0.00000000000 0.00000000000 0.00000000000 0.00000000000 0.00000000000 0.00000000000
 0.00000000000 0.00000000000 0.00000000000 0.00000000000 0.00000000000 0.00000000000 0.00000000000 0.00000000000 0.00000000000 0.00000000000 0.00000000000 0.00000000000
 0.00000000000 0.00000000000 0.00000000000 0.00000000000 0.00000000000 0.00000000000 0.00000000000 0.00000000000 0.00000000000 0.00000000000 0.00000000000 0.00000000000 0.00000000000 0.00000000000 0.00000000000 0.00000000000 0.00000000000 0.00000000000 0.00000000000 0.00000000000 0.00000000000
# ln_sigma_rec:
 0.00000000000 0.00000000000 0.00000000000
# h_rec:
 0.700000000000 0.700000000000 0.700000000000
