#Models 
# mn_Hind # MIROC_A1B # ECHOG_A1B # CCCMA_A1B # GFDL_rcp45 # GFDL_rcp85 # GFDL_rcp85_bio # MIROC_rcp45 # MIROC_rcp85 # CESM_rcp45 # CESM_rcp85 # CESM_rcp85_bio
#nEatcovs                                                                                      
4                                                                                      
#Eat_covs                                                                                      
5 6 7 8                                                                                   
#n_fut_itr : num_runs number of future temperature simulations                                                                               
3                                                                                    
#nyrs_fut : (1 n_fut_itr) number years for the zooplankton data                                                                             
87                                                                                      
#fut_years : matrix(n_fut_itr nyrs_fut) years for the zooplankton data                                                                              
2018 2019 2020 2021 2022 2023 2024 2025 2026 2027 2028 2029 2030 2031 2032 2033 2034 2035 2036 2037 2038 2039 2040 2041 2042 2043 2044 2045 2046 2047 2048 2049 2050 2051 2052 2053 2054 2055 2056 2057 2058 2059 2060 2061 2062 2063 2064 2065 2066 2067 2068 2069 2070 2071 2072 2073 2074 2075 2076 2077 2078 2079 2080 2081 2082 2083 2084 2085 2086 2087 2088 2089 2090 2091 2092 2093 2094 2095 2096 2097 2098 2099 2100 2101 2102 2103 2104
#ncov_fut : number of covariates                                                                                  
10                                                                                      
###########################################################                                                                                      
# | mn_Hind                    
# | GFDL_rcp45                    
# | GFDL_rcp85                                                                                    
###########################################################                                                                                      
# BottomTemp                                                                                     
0 0 0 0 0 0 0 0 0 0 0 0 0 0 0 0 0 0 0 0 0 0 0 0 0 0 0 0 0 0 0 0 0 0 0 0 0 0 0 0 0 0 0 0 0 0 0 0 0 0 0 0 0 0 0 0 0 0 0 0 0 0 0 0 0 0 0 0 0 0 0 0 0 0 0 0 0 0 0 0 0 0 0 0 0 0 0
0.2311127	0.3657598	-0.4566292	-0.0417286	-0.6364853	-2.24771	-1.330705	0.3407298	-0.6685374	-2.341871	0.616631	-0.9146658	-0.4827748	-1.136878	-1.093203	-0.7744428	-1.13296	0.5492247	-1.07544	-0.3598392	0.703543	-0.7827515	0.309223	-0.7713373	0.5160595	-2.740601	-1.182763	0.8503963	-2.480472	-1.003306	-0.4747857	-0.2092691	-2.082495	-0.3173123	0.03749923	-0.7595774	-2.112651	-2.911681	-1.244851	-1.555718	-2.196932	-0.6546094	-1.458419	0.003556959	1.939013	-1.453005	-0.6188806	-0.745905	-0.7944176	-0.2073826	0.6487311	-0.9757367	-0.1832715	-2.577917	-1.815727	-0.007678796	0.1967345	-2.033107	-1.244063	-0.1105935	0.957046	-0.01876129	0.03242062	-2.097161	-2.498269	-0.3212112	-1.666103	-2.071333	-1.749676	-2.703464	-2.004742	0.3981193	-1.551965	-0.58095	0.3313093	-0.9230755	-1.133274	0.7230408	-0.2212037	-2.006245	-2.187092	-0.2651015	-0.2651015	-0.2651015	-0.2651015	-0.2651015	-0.2651015							
-0.3348182	-1.888143	-0.306905	1.116873	1.91434	-0.4054163	0.8260635	-0.04956273	0.1853584	-0.6629855	0.5841766	0.9910239	-1.114381	-0.626235	0.3872328	-1.562173	-0.6059253	0.4968288	-0.2298886	-1.20458	-1.491883	-0.1373639	-1.063442	-0.06023385	1.715837	0.4551429	2.296361	1.609096	2.261853	1.058134	2.767397	0.9842432	2.423312	1.803064	1.888536	-0.1494221	1.170139	1.513902	0.1287944	0.2362002	1.548057	1.935383	1.251148	-0.09852641	1.890012	2.311397	0.8136647	-0.7087269	-0.4715878	1.300187	-1.018204	1.268175	2.25758	0.5148359	0.8671592	2.378091	-0.1020141	1.707677	2.628042	2.198552	3.602439	3.136641	2.963006	3.795969	1.966192	1.585182	0.9052288	2.882631	3.427519	2.501212	1.766598	2.74898	2.80646	2.191154	0.4634301	0.8507367	0.503901	2.571698	3.44571	4.199274	2.515542	3.507211	3.507211	3.507211	3.507211	3.507211	3.507211							
###########################################################                                                                                      
# SST_tmp                                                                                     
0 0 0 0 0 0 0 0 0 0 0 0 0 0 0 0 0 0 0 0 0 0 0 0 0 0 0 0 0 0 0 0 0 0 0 0 0 0 0 0 0 0 0 0 0 0 0 0 0 0 0 0 0 0 0 0 0 0 0 0 0 0 0 0 0 0 0 0 0 0 0 0 0 0 0 0 0 0 0 0 0 0 0 0 0 0 0
-0.2522084	0.2665132	-0.2939813	-0.3647836	-1.053689	-2.569115	-0.9923881	0.8045606	-0.9386086	-2.657069	0.003337215	-0.5166079	-1.264335	-0.2699628	-0.7789675	-0.04266981	-1.4187	-0.02340308	-0.9527798	0.5356575	0.1605235	-1.438664	-0.7505364	-1.8957	1.049551	-3.729035	-0.8177031	1.439269	-2.982054	0.06089123	-1.484479	0.02949028	-2.969248	-0.1686486	-0.4185507	-0.10102	-2.98281	-3.630981	-0.4808981	-0.1394224	-2.475735	-0.223933	-0.7449563	0.4013449	1.12248	-2.14224	-0.8187207	-0.1387919	-1.487945	-0.8201946	0.2537927	-1.426632	0.3680449	-2.779565	-2.188637	-0.6747913	0.4028172	-3.010274	-1.53669	-1.227098	0.2122677	-0.1055174	-0.198397	-2.327859	-3.24146	-0.9460189	-2.237408	-2.743366	-1.800963	-3.327365	-2.502513	0.1747439	-0.9511502	-0.3986458	0.2515201	-1.133597	-1.755053	0.6765254	-0.24124	-2.252228	-3.180978	-1.001968	-1.001968	-1.001968	-1.001968	-1.001968	-1.001968							
-0.6607052	-3.061203	0.1930823	1.343474	1.130211	-0.3349079	0.4432988	1.156449	1.445919	-0.6542537	-0.08692375	-0.3272537	-0.9951779	-0.7551115	0.7770188	-2.926605	-1.285755	0.6818137	-0.6739917	-1.333822	-2.069122	0.46232	-1.200864	-0.207483	0.9320412	0.2851619	1.872221	1.576569	1.276876	-0.1076873	2.418769	1.466604	2.11028	1.389088	1.11315	-0.06821538	1.287722	2.359863	-0.3924463	1.258292	0.9670806	0.5263438	1.236761	0.2482166	0.6126472	1.136994	0.3878344	-0.6461492	-0.5330411	0.5752045	-1.512831	0.251901	0.8635234	-0.6442458	0.3414304	1.097436	0.1128959	1.047102	1.169105	1.592886	2.540163	0.6888467	1.152117	1.334811	0.616212	0.722849	0.7902071	2.650369	1.983622	1.316346	0.9466073	2.011911	0.8995665	1.850288	-0.5545494	-0.2319386	-0.1511758	1.967114	1.756216	1.669168	2.374843	1.039248	1.039248	1.039248	1.039248	1.039248	1.039248							
###########################################################                                                                                      
# ColdPool                                                                                     
0.09148 0.09148 0.09148 0.09148 0.09148 0.09148 0.09148 0.09148 0.09148 0.09148 0.09148 0.09148 0.09148 0.09148 0.09148 0.09148 0.09148 0.09148 0.09148 0.09148 0.09148 0.09148 0.09148 0.09148 0.09148 0.09148 0.09148 0.09148 0.09148 0.09148 0.09148 0.09148 0.09148 0.09148 0.09148 0.09148 0.09148 0.09148 0.09148 0.09148 0.09148 0.09148 0.09148 0.09148 0.09148 0.09148 0.09148 0.09148 0.09148 0.09148 0.09148 0.09148 0.09148 0.09148 0.09148 0.09148 0.09148 0.09148 0.09148 0.09148 0.09148 0.09148 0.09148 0.09148 0.09148 0.09148 0.09148 0.09148 0.09148 0.09148 0.09148 0.09148 0.09148 0.09148 0.09148 0.09148 0.09148 0.09148 0.09148 0.09148 0.09148 0.09148 0.09148 0.09148 0.09148 0.09148 0.09148
0.09148 0.09148 0.09148 0.09148 0.09148 0.09148 0.09148 0.09148 0.09148 0.09148 0.09148 0.09148 0.09148 0.09148 0.09148 0.09148 0.09148 0.09148 0.09148 0.09148 0.09148 0.09148 0.09148 0.09148 0.09148 0.09148 0.09148 0.09148 0.09148 0.09148 0.09148 0.09148 0.09148 0.09148 0.09148 0.09148 0.09148 0.09148 0.09148 0.09148 0.09148 0.09148 0.09148 0.09148 0.09148 0.09148 0.09148 0.09148 0.09148 0.09148 0.09148 0.09148 0.09148 0.09148 0.09148 0.09148 0.09148 0.09148 0.09148 0.09148 0.09148 0.09148 0.09148 0.09148 0.09148 0.09148 0.09148 0.09148 0.09148 0.09148 0.09148 0.09148 0.09148 0.09148 0.09148 0.09148 0.09148 0.09148 0.09148 0.09148 0.09148 0.09148 0.09148 0.09148 0.09148 0.09148 0.09148
0.09148 0.09148 0.09148 0.09148 0.09148 0.09148 0.09148 0.09148 0.09148 0.09148 0.09148 0.09148 0.09148 0.09148 0.09148 0.09148 0.09148 0.09148 0.09148 0.09148 0.09148 0.09148 0.09148 0.09148 0.09148 0.09148 0.09148 0.09148 0.09148 0.09148 0.09148 0.09148 0.09148 0.09148 0.09148 0.09148 0.09148 0.09148 0.09148 0.09148 0.09148 0.09148 0.09148 0.09148 0.09148 0.09148 0.09148 0.09148 0.09148 0.09148 0.09148 0.09148 0.09148 0.09148 0.09148 0.09148 0.09148 0.09148 0.09148 0.09148 0.09148 0.09148 0.09148 0.09148 0.09148 0.09148 0.09148 0.09148 0.09148 0.09148 0.09148 0.09148 0.09148 0.09148 0.09148 0.09148 0.09148 0.09148 0.09148 0.09148 0.09148 0.09148 0.09148 0.09148 0.09148 0.09148 0.09148
###########################################################                                                                                      
# overlap                                                                                     
-0.10448627 -0.10448627 -0.10448627 -0.10448627 -0.10448627 -0.10448627 -0.10448627 -0.10448627 -0.10448627 -0.10448627 -0.10448627 -0.10448627 -0.10448627 -0.10448627 -0.10448627 -0.10448627 -0.10448627 -0.10448627 -0.10448627 -0.10448627 -0.10448627 -0.10448627 -0.10448627 -0.10448627 -0.10448627 -0.10448627 -0.10448627 -0.10448627 -0.10448627 -0.10448627 -0.10448627 -0.10448627 -0.10448627 -0.10448627 -0.10448627 -0.10448627 -0.10448627 -0.10448627 -0.10448627 -0.10448627 -0.10448627 -0.10448627 -0.10448627 -0.10448627 -0.10448627 -0.10448627 -0.10448627 -0.10448627 -0.10448627 -0.10448627 -0.10448627 -0.10448627 -0.10448627 -0.10448627 -0.10448627 -0.10448627 -0.10448627 -0.10448627 -0.10448627 -0.10448627 -0.10448627 -0.10448627 -0.10448627 -0.10448627 -0.10448627 -0.10448627 -0.10448627 -0.10448627 -0.10448627 -0.10448627 -0.10448627 -0.10448627 -0.10448627 -0.10448627 -0.10448627 -0.10448627 -0.10448627 -0.10448627 -0.10448627 -0.10448627 -0.10448627 -0.10448627 -0.10448627 -0.10448627 -0.10448627 -0.10448627 -0.10448627
-0.10448627 -0.10448627 -0.10448627 -0.10448627 -0.10448627 -0.10448627 -0.10448627 -0.10448627 -0.10448627 -0.10448627 -0.10448627 -0.10448627 -0.10448627 -0.10448627 -0.10448627 -0.10448627 -0.10448627 -0.10448627 -0.10448627 -0.10448627 -0.10448627 -0.10448627 -0.10448627 -0.10448627 -0.10448627 -0.10448627 -0.10448627 -0.10448627 -0.10448627 -0.10448627 -0.10448627 -0.10448627 -0.10448627 -0.10448627 -0.10448627 -0.10448627 -0.10448627 -0.10448627 -0.10448627 -0.10448627 -0.10448627 -0.10448627 -0.10448627 -0.10448627 -0.10448627 -0.10448627 -0.10448627 -0.10448627 -0.10448627 -0.10448627 -0.10448627 -0.10448627 -0.10448627 -0.10448627 -0.10448627 -0.10448627 -0.10448627 -0.10448627 -0.10448627 -0.10448627 -0.10448627 -0.10448627 -0.10448627 -0.10448627 -0.10448627 -0.10448627 -0.10448627 -0.10448627 -0.10448627 -0.10448627 -0.10448627 -0.10448627 -0.10448627 -0.10448627 -0.10448627 -0.10448627 -0.10448627 -0.10448627 -0.10448627 -0.10448627 -0.10448627 -0.10448627 -0.10448627 -0.10448627 -0.10448627 -0.10448627 -0.10448627
-0.10448627 -0.10448627 -0.10448627 -0.10448627 -0.10448627 -0.10448627 -0.10448627 -0.10448627 -0.10448627 -0.10448627 -0.10448627 -0.10448627 -0.10448627 -0.10448627 -0.10448627 -0.10448627 -0.10448627 -0.10448627 -0.10448627 -0.10448627 -0.10448627 -0.10448627 -0.10448627 -0.10448627 -0.10448627 -0.10448627 -0.10448627 -0.10448627 -0.10448627 -0.10448627 -0.10448627 -0.10448627 -0.10448627 -0.10448627 -0.10448627 -0.10448627 -0.10448627 -0.10448627 -0.10448627 -0.10448627 -0.10448627 -0.10448627 -0.10448627 -0.10448627 -0.10448627 -0.10448627 -0.10448627 -0.10448627 -0.10448627 -0.10448627 -0.10448627 -0.10448627 -0.10448627 -0.10448627 -0.10448627 -0.10448627 -0.10448627 -0.10448627 -0.10448627 -0.10448627 -0.10448627 -0.10448627 -0.10448627 -0.10448627 -0.10448627 -0.10448627 -0.10448627 -0.10448627 -0.10448627 -0.10448627 -0.10448627 -0.10448627 -0.10448627 -0.10448627 -0.10448627 -0.10448627 -0.10448627 -0.10448627 -0.10448627 -0.10448627 -0.10448627 -0.10448627 -0.10448627 -0.10448627 -0.10448627 -0.10448627 -0.10448627
###########################################################                                                                                      
# fallZtot                                                                                     
0.097588711 0.097588711 0.097588711 0.097588711 0.097588711 0.097588711 0.097588711 0.097588711 0.097588711 0.097588711 0.097588711 0.097588711 0.097588711 0.097588711 0.097588711 0.097588711 0.097588711 0.097588711 0.097588711 0.097588711 0.097588711 0.097588711 0.097588711 0.097588711 0.097588711 0.097588711 0.097588711 0.097588711 0.097588711 0.097588711 0.097588711 0.097588711 0.097588711 0.097588711 0.097588711 0.097588711 0.097588711 0.097588711 0.097588711 0.097588711 0.097588711 0.097588711 0.097588711 0.097588711 0.097588711 0.097588711 0.097588711 0.097588711 0.097588711 0.097588711 0.097588711 0.097588711 0.097588711 0.097588711 0.097588711 0.097588711 0.097588711 0.097588711 0.097588711 0.097588711 0.097588711 0.097588711 0.097588711 0.097588711 0.097588711 0.097588711 0.097588711 0.097588711 0.097588711 0.097588711 0.097588711 0.097588711 0.097588711 0.097588711 0.097588711 0.097588711 0.097588711 0.097588711 0.097588711 0.097588711 0.097588711 0.097588711 0.097588711 0.097588711 0.097588711 0.097588711 0.097588711
0.05071217	0.5683445	-0.589617	0.1482484	0.3223298	-0.4579544	0.4236781	-0.6390831	0.3962934	0.201503	-0.1340428	-1.133545	-0.1874965	0.2948228	-0.3556416	-0.2118782	0.2807291	-0.1078904	0.4471309	-0.5478208	-0.09700077	-0.1579643	0.07982127	0.02441913	-0.5443186	0.5063528	-0.251354	-0.8441419	-0.07796898	-0.3141956	-0.06542547	-0.964798	0.1213925	0.01060724	-0.01025755	0.295219	-0.005263697	0.3406163	-0.5495862	0.04247542	-0.6632383	-0.02755516	-0.09009193	-0.1872082	-0.6179641	0.3203749	0.3440012	-0.01558721	-0.5198512	-0.3958358	-0.3523315	-0.3551101	-0.07445587	0.5220607	-0.1352387	-0.8642829	-0.547792	-0.232074	0.09325579	-0.5605266	-0.5927267	-0.2980368	-1.136782	0.5212953	-1.658537	0.3463664	0.0925807	0.1972334	0.4336078	0.3205765	0.03072319	-1.127637	-0.03035079	0.426738	-0.003465183	0.4021455	-0.01814916	-0.5578496	-0.6406724	-0.112943	0.1247889	-0.3536052	-0.3536052	-0.3536052	-0.3536052	-0.3536052	-0.3536052							
0.6414324	-0.02985946	0.1741612	-0.04833867	0.08914436	0.6371839	0.07195348	-0.2159945	0.2744941	-0.3811715	0.03750551	-0.03181474	0.4262493	-0.01430267	0.9493769	-0.1129102	0.1642897	0.3084266	0.1781366	-0.001893069	-0.03776998	-0.003504584	-0.08658408	0.1020363	0.2569319	0.449907	-2.467525	-0.4905928	-0.2109552	0.1630726	-2.627012	-1.272742	-1.063153	-0.8478897	0.5559597	0.1531928	-0.3387474	0.7591914	-0.06578127	-0.7642379	-0.3181596	0.1719271	-0.181149	0.7793753	0.02326003	-0.5550606	0.9357016	-0.3440425	0.7034813	-0.5481894	0.4420671	-1.06002	-0.3789654	0.3221387	-0.008999837	0.2445744	-0.06564213	-0.1933618	-2.017951	-1.786208	-2.122021	-0.2689892	-1.324324	-2.231475	0.4546741	-0.1189989	-0.5325864	-0.9346475	-0.3735355	-0.6599961	0.0323134	-1.619664	-0.4890735	-0.1992657	0.3153425	0.02910372	-0.1665819	-1.343749	-0.6499048	-0.6480521	-2.095454	0.6812661	0.6812661	0.6812661	0.6812661	0.6812661	0.6812661							
###########################################################                                                                                      
# fallZavg                                                                                     
0.063615457 0.063615457 0.063615457 0.063615457 0.063615457 0.063615457 0.063615457 0.063615457 0.063615457 0.063615457 0.063615457 0.063615457 0.063615457 0.063615457 0.063615457 0.063615457 0.063615457 0.063615457 0.063615457 0.063615457 0.063615457 0.063615457 0.063615457 0.063615457 0.063615457 0.063615457 0.063615457 0.063615457 0.063615457 0.063615457 0.063615457 0.063615457 0.063615457 0.063615457 0.063615457 0.063615457 0.063615457 0.063615457 0.063615457 0.063615457 0.063615457 0.063615457 0.063615457 0.063615457 0.063615457 0.063615457 0.063615457 0.063615457 0.063615457 0.063615457 0.063615457 0.063615457 0.063615457 0.063615457 0.063615457 0.063615457 0.063615457 0.063615457 0.063615457 0.063615457 0.063615457 0.063615457 0.063615457 0.063615457 0.063615457 0.063615457 0.063615457 0.063615457 0.063615457 0.063615457 0.063615457 0.063615457 0.063615457 0.063615457 0.063615457 0.063615457 0.063615457 0.063615457 0.063615457 0.063615457 0.063615457 0.063615457 0.063615457 0.063615457 0.063615457 0.063615457 0.063615457
-0.3016514	0.0907312	-0.7844884	-0.2432953	-0.01314938	-1.162273	0.2037076	-0.7470593	0.4112698	-0.02373185	-0.9447482	-1.551923	-0.6303123	0.08079298	-0.7495393	-0.549522	-0.4761767	-0.111286	-0.07594928	-0.9147711	-0.1761831	-0.2585276	-0.5257517	-0.7167998	-0.7415644	-0.03617094	-0.08990773	-1.203687	-0.2663092	-0.1189093	-0.7093045	-0.7965141	-0.4260465	-0.3848696	-0.6802207	0.2794652	-0.2923324	0.2539855	-1.267494	-0.3789005	-1.157755	-0.3546818	-0.1563488	-0.1955251	-0.9632255	-0.144849	0.1629197	-0.2700191	-0.6428134	-0.5180669	-0.8870446	-0.5298789	-0.2629504	0.08011769	-0.5884863	-1.395242	-0.4416695	-0.3286076	-0.186356	-0.8282887	-0.8337488	-0.7511466	-1.459276	0.02763027	-2.091639	0.2804471	-0.4387618	-0.04314112	-0.07315177	0.1089574	-0.07076029	-0.8708936	-0.8411187	-0.05326487	-0.1170575	0.195893	-0.6150751	-0.677799	-1.062524	-0.6173987	-0.6179882	-0.8816257	-0.8816257	-0.8816257	-0.8816257	-0.8816257	-0.8816257							
0.1650144	0.07715778	0.3536727	-0.1908344	-0.2282422	-0.1934756	-0.1475734	-0.008258249	0.2712586	-0.4938089	-0.8685087	-0.450717	-0.00641088	-0.1764112	0.610893	-0.5127272	-0.6988155	-0.3328267	-0.4162889	-0.2744368	-0.5679386	-0.1348749	-0.1939121	-0.05531895	-0.8027131	0.4323852	-2.572075	-1.312443	-0.3289454	-0.3389324	-2.277867	-0.7894763	-1.108265	-1.28044	0.2012046	-0.6257739	-0.2185209	0.6540877	-0.9707824	-1.075818	-0.3471347	-0.180294	-0.293717	0.7312615	-0.8028018	-0.504373	0.6362735	-0.6369296	0.4944499	-0.6575318	0.3420093	-1.362792	-0.5271852	-0.4833621	-0.4711073	-0.5620515	-0.4280284	-0.3047346	-2.369029	-1.69719	-1.785591	-1.392431	-1.663751	-2.879618	0.005153382	-0.3186116	-1.283054	-1.146058	-0.7424863	-0.923532	-0.4507694	-1.948088	-1.65708	-0.5374566	0.1560689	-0.3617594	-0.5508453	-1.564446	-1.29953	-1.176096	-1.725781	-0.3032023	-0.3032023	-0.3032023	-0.3032023	-0.3032023	-0.3032023							
###########################################################                                                                                      
# springZtot                                                                                     
-0.191810053 -0.191810053 -0.191810053 -0.191810053 -0.191810053 -0.191810053 -0.191810053 -0.191810053 -0.191810053 -0.191810053 -0.191810053 -0.191810053 -0.191810053 -0.191810053 -0.191810053 -0.191810053 -0.191810053 -0.191810053 -0.191810053 -0.191810053 -0.191810053 -0.191810053 -0.191810053 -0.191810053 -0.191810053 -0.191810053 -0.191810053 -0.191810053 -0.191810053 -0.191810053 -0.191810053 -0.191810053 -0.191810053 -0.191810053 -0.191810053 -0.191810053 -0.191810053 -0.191810053 -0.191810053 -0.191810053 -0.191810053 -0.191810053 -0.191810053 -0.191810053 -0.191810053 -0.191810053 -0.191810053 -0.191810053 -0.191810053 -0.191810053 -0.191810053 -0.191810053 -0.191810053 -0.191810053 -0.191810053 -0.191810053 -0.191810053 -0.191810053 -0.191810053 -0.191810053 -0.191810053 -0.191810053 -0.191810053 -0.191810053 -0.191810053 -0.191810053 -0.191810053 -0.191810053 -0.191810053 -0.191810053 -0.191810053 -0.191810053 -0.191810053 -0.191810053 -0.191810053 -0.191810053 -0.191810053 -0.191810053 -0.191810053 -0.191810053 -0.191810053 -0.191810053 -0.191810053 -0.191810053 -0.191810053 -0.191810053 -0.191810053
-0.7448047	0.5519987	0.06557398	0.1849208	-0.7765084	-2.355545	-0.5092656	0.6713641	-0.7961245	-2.200741	-0.1472338	-1.359896	0.3064869	-1.037164	-1.369381	-0.9710741	-0.7315643	0.06541351	0.05002949	-0.3346738	0.6672602	-1.284915	0.3137588	-0.7169766	0.0694311	-3.066035	-0.1279938	0.09195951	-2.766176	-1.160998	-0.08511184	-0.3260837	-3.12224	-1.2684	0.2539829	-0.2138293	-2.445159	-2.992011	-0.7395274	-1.481359	-2.738874	0.0829961	-2.344628	-1.304584	-0.09065602	-1.438519	-0.1458346	-1.787581	-1.657063	-0.625281	-0.3704929	-0.8148662	-0.498757	-2.671318	-2.05221	-0.1921735	0.4234001	-1.858518	-1.848794	-1.356524	0.2585032	-0.4947354	0.0830198	-1.742081	-2.359323	0.4121982	-1.997378	-2.033975	-1.740271	-2.967701	-1.738837	-0.7864511	-1.436684	-1.198281	0.2428294	-1.051575	-0.6823824	-0.2435333	-0.8732685	-2.021294	-2.294843	-0.8712522	-0.8712522	-0.8712522	-0.8712522	-0.8712522	-0.8712522							
-0.2822577	-2.736773	-0.07822905	0.8115617	0.2616673	-1.256549	-0.1638651	0.07604341	-0.4015962	-1.477659	-0.3075432	-0.4438736	-0.5085222	-0.5110192	-0.09755593	-2.456347	-0.02040822	-0.3892542	0.751011	-1.394984	-1.629579	0.5053932	-1.607736	0.07421875	0.6235272	-0.4064324	0.5783138	0.488657	0.9625014	0.6100788	1.544774	0.7197448	2.177285	1.280253	1.145112	0.1179017	1.574429	0.3828113	-0.3706237	0.05155301	0.8155112	1.377402	1.183444	-0.2515794	1.691092	0.8745265	0.6712696	-1.423531	-0.2752511	0.4739108	-2.030746	-0.07887155	1.307766	-0.01062981	0.6430992	1.375545	-1.360654	0.9439512	1.273294	1.050249	1.478389	1.751016	1.712475	1.642349	1.291875	0.08283992	-0.161252	0.752672	1.202245	1.377174	0.8028975	0.6482096	2.008174	0.9661887	0.212167	0.6228706	-0.1875264	0.5110371	1.237427	1.490813	2.106478	1.837033	1.837033	1.837033	1.837033	1.837033	1.837033							
###########################################################                                                                                      
# springZavg                                                                                     
-0.197202013 -0.197202013 -0.197202013 -0.197202013 -0.197202013 -0.197202013 -0.197202013 -0.197202013 -0.197202013 -0.197202013 -0.197202013 -0.197202013 -0.197202013 -0.197202013 -0.197202013 -0.197202013 -0.197202013 -0.197202013 -0.197202013 -0.197202013 -0.197202013 -0.197202013 -0.197202013 -0.197202013 -0.197202013 -0.197202013 -0.197202013 -0.197202013 -0.197202013 -0.197202013 -0.197202013 -0.197202013 -0.197202013 -0.197202013 -0.197202013 -0.197202013 -0.197202013 -0.197202013 -0.197202013 -0.197202013 -0.197202013 -0.197202013 -0.197202013 -0.197202013 -0.197202013 -0.197202013 -0.197202013 -0.197202013 -0.197202013 -0.197202013 -0.197202013 -0.197202013 -0.197202013 -0.197202013 -0.197202013 -0.197202013 -0.197202013 -0.197202013 -0.197202013 -0.197202013 -0.197202013 -0.197202013 -0.197202013 -0.197202013 -0.197202013 -0.197202013 -0.197202013 -0.197202013 -0.197202013 -0.197202013 -0.197202013 -0.197202013 -0.197202013 -0.197202013 -0.197202013 -0.197202013 -0.197202013 -0.197202013 -0.197202013 -0.197202013 -0.197202013 -0.197202013 -0.197202013 -0.197202013 -0.197202013 -0.197202013 -0.197202013
-0.7723855	0.3604047	-0.2292555	-0.1675871	-0.8422734	-2.490795	-0.7004389	0.5606859	-0.9299184	-2.377648	-0.2316426	-1.608777	-0.05916581	-1.038111	-1.515973	-1.235947	-1.031236	-0.254535	-0.4230517	-0.4217779	0.3950141	-1.451657	0.2003722	-0.9048591	0.1797443	-3.101539	-0.4397398	0.1667155	-2.73561	-1.26109	-0.3745964	-0.5247945	-3.046521	-1.373203	-0.01452217	-0.4677317	-2.527719	-2.998767	-0.995152	-1.684855	-2.732618	0.01176402	-2.195804	-0.9957112	-0.1352272	-1.689866	-0.4660005	-1.673164	-1.62605	-0.8472759	-0.5145442	-0.9861312	-0.6395907	-2.759884	-2.099281	-0.2608109	0.3329238	-2.126551	-1.835629	-1.546064	0.2396275	-0.6932633	-0.1771585	-2.039327	-2.572965	0.2892863	-2.078872	-2.042744	-1.881253	-2.967998	-1.996422	-0.7924261	-1.727583	-1.387024	-0.06955568	-1.364957	-1.158014	-0.3469407	-0.9474964	-2.275161	-2.499834	-0.8751662	-0.8751662	-0.8751662	-0.8751662	-0.8751662	-0.8751662							
-0.7314459	-2.586173	-0.3745698	0.9574686	0.2936498	-1.369389	-0.284623	-0.2628309	-0.5493066	-1.700434	-0.2851712	-0.3556868	-0.8953989	-0.8563779	-0.1102205	-2.421355	-0.3739496	-0.4797896	0.3876209	-1.623243	-1.740293	0.3832387	-1.741047	-0.3015669	0.3995594	-0.553704	0.5070238	0.4891515	0.8924936	0.2166714	1.462386	0.5157681	1.737785	1.163998	0.9332182	-0.2623341	1.368788	0.1573819	-0.6613231	-0.08615887	0.6172911	1.119856	0.7184725	-0.5926555	1.314814	0.7625632	0.2270256	-1.708836	-0.5883737	0.2512569	-2.114576	-0.1675946	1.275389	-0.2664423	0.2329853	1.216175	-1.352347	0.8260571	1.140033	0.9378425	1.528348	1.56792	1.350957	1.844939	1.036845	-0.05725168	-0.4586655	0.6004227	1.320067	1.044081	0.5671026	0.547741	1.76246	0.7419805	-0.1803008	0.1891785	-0.5091161	0.3263696	1.292963	1.572213	1.909482	1.581872	1.581872	1.581872	1.581872	1.581872	1.581872							
###########################################################                                                                                      
# cross                                                                                     
0.350050337 0.350050337 0.350050337 0.350050337 0.350050337 0.350050337 0.350050337 0.350050337 0.350050337 0.350050337 0.350050337 0.350050337 0.350050337 0.350050337 0.350050337 0.350050337 0.350050337 0.350050337 0.350050337 0.350050337 0.350050337 0.350050337 0.350050337 0.350050337 0.350050337 0.350050337 0.350050337 0.350050337 0.350050337 0.350050337 0.350050337 0.350050337 0.350050337 0.350050337 0.350050337 0.350050337 0.350050337 0.350050337 0.350050337 0.350050337 0.350050337 0.350050337 0.350050337 0.350050337 0.350050337 0.350050337 0.350050337 0.350050337 0.350050337 0.350050337 0.350050337 0.350050337 0.350050337 0.350050337 0.350050337 0.350050337 0.350050337 0.350050337 0.350050337 0.350050337 0.350050337 0.350050337 0.350050337 0.350050337 0.350050337 0.350050337 0.350050337 0.350050337 0.350050337 0.350050337 0.350050337 0.350050337 0.350050337 0.350050337 0.350050337 0.350050337 0.350050337 0.350050337 0.350050337 0.350050337 0.350050337 0.350050337 0.350050337 0.350050337 0.350050337 0.350050337 0.350050337                                                   
0.350050337 0.350050337 0.350050337 0.350050337 0.350050337 0.350050337 0.350050337 0.350050337 0.350050337 0.350050337 0.350050337 0.350050337 0.350050337 0.350050337 0.350050337 0.350050337 0.350050337 0.350050337 0.350050337 0.350050337 0.350050337 0.350050337 0.350050337 0.350050337 0.350050337 0.350050337 0.350050337 0.350050337 0.350050337 0.350050337 0.350050337 0.350050337 0.350050337 0.350050337 0.350050337 0.350050337 0.350050337 0.350050337 0.350050337 0.350050337 0.350050337 0.350050337 0.350050337 0.350050337 0.350050337 0.350050337 0.350050337 0.350050337 0.350050337 0.350050337 0.350050337 0.350050337 0.350050337 0.350050337 0.350050337 0.350050337 0.350050337 0.350050337 0.350050337 0.350050337 0.350050337 0.350050337 0.350050337 0.350050337 0.350050337 0.350050337 0.350050337 0.350050337 0.350050337 0.350050337 0.350050337 0.350050337 0.350050337 0.350050337 0.350050337 0.350050337 0.350050337 0.350050337 0.350050337 0.350050337 0.350050337 0.350050337 0.350050337 0.350050337 0.350050337 0.350050337 0.350050337                                                   
0.350050337 0.350050337 0.350050337 0.350050337 0.350050337 0.350050337 0.350050337 0.350050337 0.350050337 0.350050337 0.350050337 0.350050337 0.350050337 0.350050337 0.350050337 0.350050337 0.350050337 0.350050337 0.350050337 0.350050337 0.350050337 0.350050337 0.350050337 0.350050337 0.350050337 0.350050337 0.350050337 0.350050337 0.350050337 0.350050337 0.350050337 0.350050337 0.350050337 0.350050337 0.350050337 0.350050337 0.350050337 0.350050337 0.350050337 0.350050337 0.350050337 0.350050337 0.350050337 0.350050337 0.350050337 0.350050337 0.350050337 0.350050337 0.350050337 0.350050337 0.350050337 0.350050337 0.350050337 0.350050337 0.350050337 0.350050337 0.350050337 0.350050337 0.350050337 0.350050337 0.350050337 0.350050337 0.350050337 0.350050337 0.350050337 0.350050337 0.350050337 0.350050337 0.350050337 0.350050337 0.350050337 0.350050337 0.350050337 0.350050337 0.350050337 0.350050337 0.350050337 0.350050337 0.350050337 0.350050337 0.350050337 0.350050337 0.350050337 0.350050337 0.350050337 0.350050337 0.350050337                                                   
###########################################################                                                                                      
# along                                                                                     
0.069516021 0.069516021 0.069516021 0.069516021 0.069516021 0.069516021 0.069516021 0.069516021 0.069516021 0.069516021 0.069516021 0.069516021 0.069516021 0.069516021 0.069516021 0.069516021 0.069516021 0.069516021 0.069516021 0.069516021 0.069516021 0.069516021 0.069516021 0.069516021 0.069516021 0.069516021 0.069516021 0.069516021 0.069516021 0.069516021 0.069516021 0.069516021 0.069516021 0.069516021 0.069516021 0.069516021 0.069516021 0.069516021 0.069516021 0.069516021 0.069516021 0.069516021 0.069516021 0.069516021 0.069516021 0.069516021 0.069516021 0.069516021 0.069516021 0.069516021 0.069516021 0.069516021 0.069516021 0.069516021 0.069516021 0.069516021 0.069516021 0.069516021 0.069516021 0.069516021 0.069516021 0.069516021 0.069516021 0.069516021 0.069516021 0.069516021 0.069516021 0.069516021 0.069516021 0.069516021 0.069516021 0.069516021 0.069516021 0.069516021 0.069516021 0.069516021 0.069516021 0.069516021 0.069516021 0.069516021 0.069516021 0.069516021 0.069516021 0.069516021 0.069516021 0.069516021 0.069516021
0.069516021 0.069516021 0.069516021 0.069516021 0.069516021 0.069516021 0.069516021 0.069516021 0.069516021 0.069516021 0.069516021 0.069516021 0.069516021 0.069516021 0.069516021 0.069516021 0.069516021 0.069516021 0.069516021 0.069516021 0.069516021 0.069516021 0.069516021 0.069516021 0.069516021 0.069516021 0.069516021 0.069516021 0.069516021 0.069516021 0.069516021 0.069516021 0.069516021 0.069516021 0.069516021 0.069516021 0.069516021 0.069516021 0.069516021 0.069516021 0.069516021 0.069516021 0.069516021 0.069516021 0.069516021 0.069516021 0.069516021 0.069516021 0.069516021 0.069516021 0.069516021 0.069516021 0.069516021 0.069516021 0.069516021 0.069516021 0.069516021 0.069516021 0.069516021 0.069516021 0.069516021 0.069516021 0.069516021 0.069516021 0.069516021 0.069516021 0.069516021 0.069516021 0.069516021 0.069516021 0.069516021 0.069516021 0.069516021 0.069516021 0.069516021 0.069516021 0.069516021 0.069516021 0.069516021 0.069516021 0.069516021 0.069516021 0.069516021 0.069516021 0.069516021 0.069516021 0.069516021
0.069516021 0.069516021 0.069516021 0.069516021 0.069516021 0.069516021 0.069516021 0.069516021 0.069516021 0.069516021 0.069516021 0.069516021 0.069516021 0.069516021 0.069516021 0.069516021 0.069516021 0.069516021 0.069516021 0.069516021 0.069516021 0.069516021 0.069516021 0.069516021 0.069516021 0.069516021 0.069516021 0.069516021 0.069516021 0.069516021 0.069516021 0.069516021 0.069516021 0.069516021 0.069516021 0.069516021 0.069516021 0.069516021 0.069516021 0.069516021 0.069516021 0.069516021 0.069516021 0.069516021 0.069516021 0.069516021 0.069516021 0.069516021 0.069516021 0.069516021 0.069516021 0.069516021 0.069516021 0.069516021 0.069516021 0.069516021 0.069516021 0.069516021 0.069516021 0.069516021 0.069516021 0.069516021 0.069516021 0.069516021 0.069516021 0.069516021 0.069516021 0.069516021 0.069516021 0.069516021 0.069516021 0.069516021 0.069516021 0.069516021 0.069516021 0.069516021 0.069516021 0.069516021 0.069516021 0.069516021 0.069516021 0.069516021 0.069516021 0.069516021 0.069516021 0.069516021 0.069516021
###########################################################                                                                                      
# BTempC_fut_all                                                                                     
2.568323 2.568323 2.568323 2.568323 2.568323 2.568323 2.568323 2.568323 2.568323 2.568323 2.568323 2.568323 2.568323 2.568323 2.568323 2.568323 2.568323 2.568323 2.568323 2.568323 2.568323 2.568323 2.568323 2.568323 2.568323 2.568323 2.568323 2.568323 2.568323 2.568323 2.568323 2.568323 2.568323 2.568323 2.568323 2.568323 2.568323 2.568323 2.568323 2.568323 2.568323 2.568323 2.568323 2.568323 2.568323 2.568323 2.568323 2.568323 2.568323 2.568323 2.568323 2.568323 2.568323 2.568323 2.568323 2.568323 2.568323 2.568323 2.568323 2.568323 2.568323 2.568323 2.568323 2.568323 2.568323 2.568323 2.568323 2.568323 2.568323 2.568323 2.568323 2.568323 2.568323 2.568323 2.568323 2.568323 2.568323 2.568323 2.568323 2.568323 2.568323 2.568323 2.568323 2.568323 2.568323 2.568323 2.568323
2.671907	2.783486	2.101995	2.445811	1.952953	0.6177756	1.377672	2.762744	1.926392	0.5397471	2.991376	1.722432	2.080328	1.538291	1.574484	1.838631	1.541538	2.935518	1.589203	2.182202	3.063397	1.831746	2.736635	1.841205	2.908035	0.2093305	1.500268	3.18509	0.4248923	1.648978	2.086949	2.306975	0.7546847	2.217443	2.511465	1.85095	0.7296952	0.06756116	1.448817	1.19121	0.6598539	1.937934	1.271839	2.483338	4.087197	1.276325	1.967541	1.86228	1.822079	2.308538	3.017976	1.671825	2.328519	0.3441421	0.9757475	2.474027	2.643419	0.7956111	1.44947	2.388745	3.273468	2.464844	2.507257	0.7425308	0.4101439	2.214212	1.099737	0.763934	1.030483	0.240105	0.8191162	2.810301	1.19432	1.998973	2.754937	1.715463	1.541278	3.079554	2.297085	0.8178709	0.6680076	2.260708	2.260708	2.260708	2.260708	2.260708	2.260708							
1.307824	0.02062692	1.330955	2.510801	3.17164	1.249321	2.269815	1.544207	1.73888	1.035881	2.06937	2.406513	0.6618222	1.066335	1.906168	0.2907494	1.083165	1.996987	1.394776	0.5870769	0.3489963	1.471449	0.704034	1.535365	3.007145	1.962443	3.48821	2.918692	3.459614	2.462125	3.878544	2.400894	3.59341	3.079428	3.150256	1.461457	2.554941	2.839808	1.692007	1.781011	2.868111	3.189077	2.62207	1.503633	3.15148	3.500669	2.25954	0.9979764	1.194487	2.662708	0.7415211	2.636181	3.456073	2.011909	2.30387	3.555937	1.500742	3.000384	3.763064	3.407158	4.57052	4.184527	4.04064	4.730893	3.214608	2.898875	2.335417	3.974035	4.425569	3.657964	3.049209	3.863282	3.910914	3.401027	1.96931	2.290261	2.002848	3.716374	4.440643	5.065101	3.669838	4.491608	4.491608	4.491608	4.491608	4.491608	4.491608							
###########################################################                                                                                      
# SSTempC_fut_all                                                                                     
6.7244 6.7244 6.7244 6.7244 6.7244 6.7244 6.7244 6.7244 6.7244 6.7244 6.7244 6.7244 6.7244 6.7244 6.7244 6.7244 6.7244 6.7244 6.7244 6.7244 6.7244 6.7244 6.7244 6.7244 6.7244 6.7244 6.7244 6.7244 6.7244 6.7244 6.7244 6.7244 6.7244 6.7244 6.7244 6.7244 6.7244 6.7244 6.7244 6.7244 6.7244 6.7244 6.7244 6.7244 6.7244 6.7244 6.7244 6.7244 6.7244 6.7244 6.7244 6.7244 6.7244 6.7244 6.7244 6.7244 6.7244 6.7244 6.7244 6.7244 6.7244 6.7244 6.7244 6.7244 6.7244 6.7244 6.7244 6.7244 6.7244 6.7244 6.7244 6.7244 6.7244 6.7244 6.7244 6.7244 6.7244 6.7244 6.7244 6.7244 6.7244 6.7244 6.7244 6.7244 6.7244 6.7244 6.7244                                                                                     
8.704519	9.500739	8.640399	8.53172	7.474273	5.148145	7.568368	10.32662	7.650918	5.013138	9.096773	8.298675	7.150939	8.677267	7.895961	9.026154	6.913994	9.055727	7.629165	9.913867	9.338049	6.88335	7.939602	6.181814	10.70268	3.367706	7.836503	11.30088	4.514297	9.185116	6.813025	9.136917	4.533954	8.83278	8.449189	8.936588	4.513136	3.518216	8.353488	8.877642	5.291479	8.747921	7.948167	9.707701	10.81462	5.803383	7.834941	8.878609	6.807705	7.832679	9.481214	6.901818	9.656587	4.825111	5.732166	8.055868	9.709961	4.470981	6.732882	7.208096	9.417474	8.929685	8.787118	5.518464	4.116118	7.639543	5.657305	4.880675	6.327233	3.984256	5.250377	9.359877	7.631667	8.479742	9.477725	7.351617	6.397702	10.13009	8.721355	5.634556	4.208956	7.553663	7.553663	7.553663	7.553663	7.553663	7.553663							
6.597862	2.913178	7.908397	9.674209	9.346859	7.09795	8.292471	9.387133	9.83146	6.607765	7.478597	7.109699	6.084458	6.452952	8.80472	3.119782	5.638431	8.658584	6.577468	5.564651	4.43599	8.321668	5.768737	7.293543	9.042675	8.049737	10.48582	10.032	9.571984	7.446726	11.32475	9.863211	10.85123	9.744226	9.320671	7.507314	9.588633	11.23433	7.00963	9.543459	9.096459	8.419943	9.510409	7.993027	8.552415	9.35727	8.207335	6.620205	6.793822	8.494942	5.289877	7.998682	8.937502	6.623127	8.136107	9.29655	7.785314	9.219289	9.406559	10.05705	11.51109	8.669379	9.380483	9.660913	8.557887	8.721571	8.824964	11.68025	10.65682	9.63257	9.065033	10.70024	8.992827	10.45215	6.760808	7.256004	7.379973	10.63148	10.30776	10.17414	11.25733	9.207234	9.207234	9.207234	9.207234	9.207234	9.207234							
###########################################################                                                                                      
#overlap : pred overlap with pollock species (2-6/0-6 area)                                                                              
# predator 1 ; prey 1                                                                                 
1 1 1 1 1 1 1 1 1 1 1 1 1 1 1 1 1 1 1 1 1 1 1 1 1 1 1 1 1 1 1 1 1 1 1 1 1 1 1 1 1 1 1 1 1 1 1 1 1 1 1 1 1 1 1 1 1 1 1 1 1 1 1 1 1 1 1 1 1 1 1 1 1 1 1 1 1 1 1 1 1 1 1 1 1 1 1
1 1 1 1 1 1 1 1 1 1 1 1 1 1 1 1 1 1 1 1 1 1 1 1 1 1 1 1 1 1 1 1 1 1 1 1 1 1 1 1 1 1 1 1 1 1 1 1 1 1 1 1 1 1 1 1 1 1 1 1 1 1 1 1 1 1 1 1 1 1 1 1 1 1 1 1 1 1 1 1 1 1 1 1 1 1 1
1 1 1 1 1 1 1 1 1 1 1 1 1 1 1 1 1 1 1 1 1 1 1 1 1 1 1 1 1 1 1 1 1 1 1 1 1 1 1 1 1 1 1 1 1 1 1 1 1 1 1 1 1 1 1 1 1 1 1 1 1 1 1 1 1 1 1 1 1 1 1 1 1 1 1 1 1 1 1 1 1 1 1 1 1 1 1
###########################################################                                                                                      
# predator 1 ; prey 2                                                                                 
1 1 1 1 1 1 1 1 1 1 1 1 1 1 1 1 1 1 1 1 1 1 1 1 1 1 1 1 1 1 1 1 1 1 1 1 1 1 1 1 1 1 1 1 1 1 1 1 1 1 1 1 1 1 1 1 1 1 1 1 1 1 1 1 1 1 1 1 1 1 1 1 1 1 1 1 1 1 1 1 1 1 1 1 1 1 1
1 1 1 1 1 1 1 1 1 1 1 1 1 1 1 1 1 1 1 1 1 1 1 1 1 1 1 1 1 1 1 1 1 1 1 1 1 1 1 1 1 1 1 1 1 1 1 1 1 1 1 1 1 1 1 1 1 1 1 1 1 1 1 1 1 1 1 1 1 1 1 1 1 1 1 1 1 1 1 1 1 1 1 1 1 1 1
1 1 1 1 1 1 1 1 1 1 1 1 1 1 1 1 1 1 1 1 1 1 1 1 1 1 1 1 1 1 1 1 1 1 1 1 1 1 1 1 1 1 1 1 1 1 1 1 1 1 1 1 1 1 1 1 1 1 1 1 1 1 1 1 1 1 1 1 1 1 1 1 1 1 1 1 1 1 1 1 1 1 1 1 1 1 1
###########################################################                                                                                      
# predator 1 ; prey 3                                                                                 
1 1 1 1 1 1 1 1 1 1 1 1 1 1 1 1 1 1 1 1 1 1 1 1 1 1 1 1 1 1 1 1 1 1 1 1 1 1 1 1 1 1 1 1 1 1 1 1 1 1 1 1 1 1 1 1 1 1 1 1 1 1 1 1 1 1 1 1 1 1 1 1 1 1 1 1 1 1 1 1 1 1 1 1 1 1 1
1 1 1 1 1 1 1 1 1 1 1 1 1 1 1 1 1 1 1 1 1 1 1 1 1 1 1 1 1 1 1 1 1 1 1 1 1 1 1 1 1 1 1 1 1 1 1 1 1 1 1 1 1 1 1 1 1 1 1 1 1 1 1 1 1 1 1 1 1 1 1 1 1 1 1 1 1 1 1 1 1 1 1 1 1 1 1
1 1 1 1 1 1 1 1 1 1 1 1 1 1 1 1 1 1 1 1 1 1 1 1 1 1 1 1 1 1 1 1 1 1 1 1 1 1 1 1 1 1 1 1 1 1 1 1 1 1 1 1 1 1 1 1 1 1 1 1 1 1 1 1 1 1 1 1 1 1 1 1 1 1 1 1 1 1 1 1 1 1 1 1 1 1 1
###########################################################                                                                                      
# predator 2 ; prey 1                                                                                 
1 1 1 1 1 1 1 1 1 1 1 1 1 1 1 1 1 1 1 1 1 1 1 1 1 1 1 1 1 1 1 1 1 1 1 1 1 1 1 1 1 1 1 1 1 1 1 1 1 1 1 1 1 1 1 1 1 1 1 1 1 1 1 1 1 1 1 1 1 1 1 1 1 1 1 1 1 1 1 1 1 1 1 1 1 1 1
1 1 1 1 1 1 1 1 1 1 1 1 1 1 1 1 1 1 1 1 1 1 1 1 1 1 1 1 1 1 1 1 1 1 1 1 1 1 1 1 1 1 1 1 1 1 1 1 1 1 1 1 1 1 1 1 1 1 1 1 1 1 1 1 1 1 1 1 1 1 1 1 1 1 1 1 1 1 1 1 1 1 1 1 1 1 1
1 1 1 1 1 1 1 1 1 1 1 1 1 1 1 1 1 1 1 1 1 1 1 1 1 1 1 1 1 1 1 1 1 1 1 1 1 1 1 1 1 1 1 1 1 1 1 1 1 1 1 1 1 1 1 1 1 1 1 1 1 1 1 1 1 1 1 1 1 1 1 1 1 1 1 1 1 1 1 1 1 1 1 1 1 1 1
###########################################################                                                                                      
# predator 2 ; prey 2                                                                                 
1 1 1 1 1 1 1 1 1 1 1 1 1 1 1 1 1 1 1 1 1 1 1 1 1 1 1 1 1 1 1 1 1 1 1 1 1 1 1 1 1 1 1 1 1 1 1 1 1 1 1 1 1 1 1 1 1 1 1 1 1 1 1 1 1 1 1 1 1 1 1 1 1 1 1 1 1 1 1 1 1 1 1 1 1 1 1
1 1 1 1 1 1 1 1 1 1 1 1 1 1 1 1 1 1 1 1 1 1 1 1 1 1 1 1 1 1 1 1 1 1 1 1 1 1 1 1 1 1 1 1 1 1 1 1 1 1 1 1 1 1 1 1 1 1 1 1 1 1 1 1 1 1 1 1 1 1 1 1 1 1 1 1 1 1 1 1 1 1 1 1 1 1 1
1 1 1 1 1 1 1 1 1 1 1 1 1 1 1 1 1 1 1 1 1 1 1 1 1 1 1 1 1 1 1 1 1 1 1 1 1 1 1 1 1 1 1 1 1 1 1 1 1 1 1 1 1 1 1 1 1 1 1 1 1 1 1 1 1 1 1 1 1 1 1 1 1 1 1 1 1 1 1 1 1 1 1 1 1 1 1
###########################################################                                                                                      
# predator 2 ; prey 3                                                                                 
1 1 1 1 1 1 1 1 1 1 1 1 1 1 1 1 1 1 1 1 1 1 1 1 1 1 1 1 1 1 1 1 1 1 1 1 1 1 1 1 1 1 1 1 1 1 1 1 1 1 1 1 1 1 1 1 1 1 1 1 1 1 1 1 1 1 1 1 1 1 1 1 1 1 1 1 1 1 1 1 1 1 1 1 1 1 1
1 1 1 1 1 1 1 1 1 1 1 1 1 1 1 1 1 1 1 1 1 1 1 1 1 1 1 1 1 1 1 1 1 1 1 1 1 1 1 1 1 1 1 1 1 1 1 1 1 1 1 1 1 1 1 1 1 1 1 1 1 1 1 1 1 1 1 1 1 1 1 1 1 1 1 1 1 1 1 1 1 1 1 1 1 1 1
1 1 1 1 1 1 1 1 1 1 1 1 1 1 1 1 1 1 1 1 1 1 1 1 1 1 1 1 1 1 1 1 1 1 1 1 1 1 1 1 1 1 1 1 1 1 1 1 1 1 1 1 1 1 1 1 1 1 1 1 1 1 1 1 1 1 1 1 1 1 1 1 1 1 1 1 1 1 1 1 1 1 1 1 1 1 1
###########################################################                                                                                      
# predator 3 ; prey 1                                                                                 
1 1 1 1 1 1 1 1 1 1 1 1 1 1 1 1 1 1 1 1 1 1 1 1 1 1 1 1 1 1 1 1 1 1 1 1 1 1 1 1 1 1 1 1 1 1 1 1 1 1 1 1 1 1 1 1 1 1 1 1 1 1 1 1 1 1 1 1 1 1 1 1 1 1 1 1 1 1 1 1 1 1 1 1 1 1 1
1 1 1 1 1 1 1 1 1 1 1 1 1 1 1 1 1 1 1 1 1 1 1 1 1 1 1 1 1 1 1 1 1 1 1 1 1 1 1 1 1 1 1 1 1 1 1 1 1 1 1 1 1 1 1 1 1 1 1 1 1 1 1 1 1 1 1 1 1 1 1 1 1 1 1 1 1 1 1 1 1 1 1 1 1 1 1
1 1 1 1 1 1 1 1 1 1 1 1 1 1 1 1 1 1 1 1 1 1 1 1 1 1 1 1 1 1 1 1 1 1 1 1 1 1 1 1 1 1 1 1 1 1 1 1 1 1 1 1 1 1 1 1 1 1 1 1 1 1 1 1 1 1 1 1 1 1 1 1 1 1 1 1 1 1 1 1 1 1 1 1 1 1 1
###########################################################                                                                                      
# predator 3 ; prey 2                                                                                 
1 1 1 1 1 1 1 1 1 1 1 1 1 1 1 1 1 1 1 1 1 1 1 1 1 1 1 1 1 1 1 1 1 1 1 1 1 1 1 1 1 1 1 1 1 1 1 1 1 1 1 1 1 1 1 1 1 1 1 1 1 1 1 1 1 1 1 1 1 1 1 1 1 1 1 1 1 1 1 1 1 1 1 1 1 1 1
1 1 1 1 1 1 1 1 1 1 1 1 1 1 1 1 1 1 1 1 1 1 1 1 1 1 1 1 1 1 1 1 1 1 1 1 1 1 1 1 1 1 1 1 1 1 1 1 1 1 1 1 1 1 1 1 1 1 1 1 1 1 1 1 1 1 1 1 1 1 1 1 1 1 1 1 1 1 1 1 1 1 1 1 1 1 1
1 1 1 1 1 1 1 1 1 1 1 1 1 1 1 1 1 1 1 1 1 1 1 1 1 1 1 1 1 1 1 1 1 1 1 1 1 1 1 1 1 1 1 1 1 1 1 1 1 1 1 1 1 1 1 1 1 1 1 1 1 1 1 1 1 1 1 1 1 1 1 1 1 1 1 1 1 1 1 1 1 1 1 1 1 1 1
###########################################################                                                                                      
# predator 3 ; prey 3                                                                                 
1 1 1 1 1 1 1 1 1 1 1 1 1 1 1 1 1 1 1 1 1 1 1 1 1 1 1 1 1 1 1 1 1 1 1 1 1 1 1 1 1 1 1 1 1 1 1 1 1 1 1 1 1 1 1 1 1 1 1 1 1 1 1 1 1 1 1 1 1 1 1 1 1 1 1 1 1 1 1 1 1 1 1 1 1 1 1
1 1 1 1 1 1 1 1 1 1 1 1 1 1 1 1 1 1 1 1 1 1 1 1 1 1 1 1 1 1 1 1 1 1 1 1 1 1 1 1 1 1 1 1 1 1 1 1 1 1 1 1 1 1 1 1 1 1 1 1 1 1 1 1 1 1 1 1 1 1 1 1 1 1 1 1 1 1 1 1 1 1 1 1 1 1 1
1 1 1 1 1 1 1 1 1 1 1 1 1 1 1 1 1 1 1 1 1 1 1 1 1 1 1 1 1 1 1 1 1 1 1 1 1 1 1 1 1 1 1 1 1 1 1 1 1 1 1 1 1 1 1 1 1 1 1 1 1 1 1 1 1 1 1 1 1 1 1 1 1 1 1 1 1 1 1 1 1 1 1 1 1 1 1
###########################################################                                                                                      
12345                                
#Covars (covariate phase for each covs - do not alter this line)                                                                                
# BottomTemp # SST_tmp # ColdPool # overlap # fallZtot # fallZavg # springZtot # springZavg # cross # along