# Number of parameters = 313 Objective function value = -1854292.98946885  Maximum gradient component = 5.69318907181639e-06
# ln_mn_rec:
 17.0163589230485 12.8160031199123 12.0041998501487
# ln_mean_F:
 -1.97666019398727 -1.22956104599070 -3.44369059778729
# ln_mean_M2:
 -0.800000000000000 -0.800000000000000 -0.800000000000000 -0.800000000000000 -0.800000000000000 -0.800000000000000 -0.800000000000000 -0.800000000000000 -0.800000000000000 -0.800000000000000 -0.800000000000000 -0.800000000000000
 -0.800000000000000 -0.800000000000000 -0.800000000000000 -0.800000000000000 -0.800000000000000 -0.800000000000000 -0.800000000000000 -0.800000000000000 -0.800000000000000 -0.800000000000000 -0.800000000000000 -0.800000000000000
 -0.800000000000000 -0.800000000000000 -0.800000000000000 -0.800000000000000 -0.800000000000000 -0.800000000000000 -0.800000000000000 -0.800000000000000 -0.800000000000000 -0.800000000000000 -0.800000000000000 -0.800000000000000 -0.800000000000000 -0.800000000000000 -0.800000000000000 -0.800000000000000 -0.800000000000000 -0.800000000000000 -0.800000000000000 -0.800000000000000 -0.800000000000000
# rec_dev:
 1.14752275720714 0.519967585042211 0.904288085984975 0.522186540444435 1.66551929122300 0.582802027653084 1.44958458991803 0.841197888745866 0.385372220452124 -0.0804823758287618 0.458211843853938 1.45376127713456 0.763771284907024 0.317691654606019 1.10582043468096 0.272427693091355 0.108294632525372 0.783551847999131 1.10509064412539 0.484549169565058 0.299758370634450 0.734220649723586 1.04012384201823 0.668284406901131 0.474059217833078 -0.215773834597575 -0.516551434855021 0.178489186194113 0.848087373152655 -0.00112278643967478 1.20473884869043 0.600510636386728 0.225692789063697 -0.0204151570785527 1.52677747787795 0.933498546702939 0.366812458257792 -0.143972278027368 0.00630230226369655
 0.879259441632268 0.340096133313256 0.349562808893273 0.478618279092537 1.21609627249819 0.455268520479484 1.02864707832848 0.276953817664358 -0.0991834778911436 -0.177062127226042 0.815986268457650 1.17491472435671 0.614527459272544 0.604156588597666 0.807240992485909 -0.115766090304296 0.177502597948768 0.582275827951801 1.01067768649885 0.339501674765126 0.504496949968356 0.961299768400039 0.0654677929621439 0.0273246475199436 -0.0947453265546940 0.0899967272855946 -0.247288536438031 0.307557312184862 0.943839771077799 0.562954993616223 1.15929887916669 0.185898307186559 1.06324238166406 1.11621144246983 0.837747143955440 0.464352090976607 -0.532626741981730 -0.311519746655065 -0.925439861298516
 -0.489752072190539 -0.284188160874114 0.599289373505229 -0.833885592876122 -0.389703787702796 0.477050312902115 1.00527174951294 0.623142594235208 0.706679457953065 0.292074878858458 0.574372522281640 0.673324513101560 0.939908535152682 1.16274450343911 1.17425695340904 0.419124808645163 0.633591285058316 0.909980840198646 0.489890671619877 0.468204142251359 0.898377525831076 0.577120798481843 0.764263640486247 0.963422205092970 1.19871702283871 0.862999919834628 0.463337452639541 0.828657016501989 0.550638395044968 0.421468087626753 0.666161091304501 0.526485220886828 0.106536006898708 0.705923393227263 0.600487706597567 0.366032167494687 0.153820691001950 0.674539066730926 0.225112669315584
# init_dev:
 -0.134943882849900 -1.06317029524161 -1.72126685369956 -1.86276788210058 -2.31093186070744 -2.79361350897168 -2.80300110020946 -2.51569251115163 -2.34994922078939 -2.29076333140742 -3.15454925991921
 0.432331783594035 0.817498787701860 -0.881793749773177 -0.929504859875195 -1.29848888955801 -2.41748781123751 -2.62307326441286 -2.56923427563854 -2.41769019082847 -2.22589707184535 -2.82400292322732
 -0.449556903761581 -0.00278572257546017 -1.57819168329519 -0.0287532228545757 -1.03862733589946 -0.503477543596388 -0.250143107524213 -1.00677644276568 -1.44375059545186 -1.59971268818455 -1.63672574337303 -1.61127677322555 -1.54431092543435 -1.44986329450106 -1.31808477076716 -1.17279824686967 -1.02849583121150 -0.887458491823255 -0.721644227811444 -1.43304405486340
# F_dev:
 1.01586204966669 0.998621732612959 0.550147874607831 0.0632573699484791 -0.285265046603353 -0.388592294670882 -0.540483714969726 -0.458700101241641 -0.703615822430915 -0.353387322105016 -0.266738528743947 0.0570474038446278 0.0736615693019047 0.361899710710620 0.164230283284493 -0.0610728596748817 -0.0790849651973904 -0.177893502049557 -0.301283847819748 -0.171472445492217 -0.220950973397429 -0.0726727217342198 0.0507185970670889 0.132998552565553 0.200469259376913 0.138520172335671 0.185054290367706 0.241107112277202 0.239964955771708 0.199238862907226 0.0404107604715538 -0.0656210596816358 0.176833613505973 -0.0573936989483030 -0.164625184910070 -0.0887531841462454 -0.102710858318957 -0.0703452193420269 -0.259380817345731
 -0.268710647741303 -0.445404585739196 -0.769978998266797 -1.43869297058437 -1.08824989263506 -0.973396193582312 -0.774869259582038 -0.701353136496721 -0.685236818265416 -0.312280131393386 -0.446876664836575 -0.378370914146718 0.0411862714870548 0.189089393475335 0.394622037868164 0.259275054096396 0.415112358780480 0.257571219279388 0.463264432354350 -0.102947751709140 0.318108227388585 0.404813643486825 0.242946904505629 0.373822719435177 0.203088251132611 0.282637065548787 0.110126935617757 0.378021707571152 0.254323855900472 0.415135486822804 0.492414588520621 0.241626005656158 0.531346203611001 0.564159495221421 0.460552930605294 0.393371606513767 0.387828497086600 0.206139240819159 0.105783832212760
 0.614441358716352 0.911712671857881 0.832230098469221 0.526960321251879 0.615306108524571 0.324375931838361 0.0590551957894263 -0.0359132264476010 -0.429531178410429 1.00838513715160 -0.0361311578736725 0.358355747734230 0.631250289044127 0.113075028428353 -0.235603808826665 0.189432435259340 -0.393356610828249 0.132430844112710 -0.415388871717738 -0.0795371371083000 -0.571344244997293 -0.317580235772072 -0.238258473548870 -0.403335932771414 -0.193379685095751 -0.0265629413012931 -0.0792684744397611 -0.443752608306006 -0.578139490612928 -0.0932955514925844 -0.0835575393203598 -0.276188201110495 -0.0599078863589622 0.0190510268722903 -0.240009955776518 -0.157621658822281 -0.524355969867688 -0.231342695213050 -0.192698659087553
# M1_dev:
 0.00000000000000 0.00000000000000 0.00000000000000 0.00000000000000 0.00000000000000 0.00000000000000 0.00000000000000 0.00000000000000 0.00000000000000 0.00000000000000 0.00000000000000 0.00000000000000
 0.00000000000000 0.00000000000000 0.00000000000000 0.00000000000000 0.00000000000000 0.00000000000000 0.00000000000000 0.00000000000000 0.00000000000000 0.00000000000000 0.00000000000000 0.00000000000000
 0.00000000000000 0.00000000000000 0.00000000000000 0.00000000000000 0.00000000000000 0.00000000000000 0.00000000000000 0.00000000000000 0.00000000000000 0.00000000000000 0.00000000000000 0.00000000000000 0.00000000000000 0.00000000000000 0.00000000000000 0.00000000000000 0.00000000000000 0.00000000000000 0.00000000000000 0.00000000000000 0.00000000000000
# M2_dev:
 0.00000000000000 0.00000000000000 0.00000000000000 0.00000000000000 0.00000000000000 0.00000000000000 0.00000000000000 0.00000000000000 0.00000000000000 0.00000000000000 0.00000000000000 0.00000000000000 0.00000000000000 0.00000000000000 0.00000000000000 0.00000000000000 0.00000000000000 0.00000000000000 0.00000000000000 0.00000000000000 0.00000000000000 0.00000000000000 0.00000000000000 0.00000000000000 0.00000000000000 0.00000000000000 0.00000000000000 0.00000000000000 0.00000000000000 0.00000000000000 0.00000000000000 0.00000000000000 0.00000000000000 0.00000000000000 0.00000000000000 0.00000000000000 0.00000000000000 0.00000000000000 0.00000000000000
 0.00000000000000 0.00000000000000 0.00000000000000 0.00000000000000 0.00000000000000 0.00000000000000 0.00000000000000 0.00000000000000 0.00000000000000 0.00000000000000 0.00000000000000 0.00000000000000 0.00000000000000 0.00000000000000 0.00000000000000 0.00000000000000 0.00000000000000 0.00000000000000 0.00000000000000 0.00000000000000 0.00000000000000 0.00000000000000 0.00000000000000 0.00000000000000 0.00000000000000 0.00000000000000 0.00000000000000 0.00000000000000 0.00000000000000 0.00000000000000 0.00000000000000 0.00000000000000 0.00000000000000 0.00000000000000 0.00000000000000 0.00000000000000 0.00000000000000 0.00000000000000 0.00000000000000
 0.00000000000000 0.00000000000000 0.00000000000000 0.00000000000000 0.00000000000000 0.00000000000000 0.00000000000000 0.00000000000000 0.00000000000000 0.00000000000000 0.00000000000000 0.00000000000000 0.00000000000000 0.00000000000000 0.00000000000000 0.00000000000000 0.00000000000000 0.00000000000000 0.00000000000000 0.00000000000000 0.00000000000000 0.00000000000000 0.00000000000000 0.00000000000000 0.00000000000000 0.00000000000000 0.00000000000000 0.00000000000000 0.00000000000000 0.00000000000000 0.00000000000000 0.00000000000000 0.00000000000000 0.00000000000000 0.00000000000000 0.00000000000000 0.00000000000000 0.00000000000000 0.00000000000000
# fsh_sel_coff:
 -5.91261943237839 -3.31077918524736 -1.42083529510911 -0.294913803303153 0.284653434558424 0.626661918402862 0.696737819751095 0.569198500973453
 -8.55464316532453 -6.09983762531581 -3.66877966546994 -1.52772443583338 -0.137289323782409 0.662065883078863 0.906400041319578 0.903862182983431
 -4.15837935992084 -2.71690985953886 -1.66112632786511 -1.01256808303022 -0.551828297397106 0.501082452072144 1.20256518181784 0.593344150447654
# srv_sel_coff[1]:
 0.00000000000000 0.00000000000000 0.00000000000000 0.00000000000000 0.00000000000000 0.00000000000000 0.00000000000000 0.00000000000000
# srv_sel_coff[2]:
 0.00000000000000 0.00000000000000 0.00000000000000 0.00000000000000 0.00000000000000 0.00000000000000 0.00000000000000 0.00000000000000
# srv_sel_coff[3]:
 0.00000000000000 0.00000000000000 0.00000000000000 0.00000000000000 0.00000000000000 0.00000000000000 0.00000000000000 0.00000000000000
# srv_sel_inf[1]:
5.50425919394
# srv_sel_inf[2]:
1.78546301105
# srv_sel_inf[3]:
2.72902991216
# srv_sel_slp[1]:
0.816925996394
# srv_sel_slp[2]:
1.82664814637
# srv_sel_slp[3]:
2.08354140093
# log_eit_q:
-8.55059743480
# log_srv_q:
 0.00000000000 0.00000000000 0.00000000000
# ln_mean_M2_fut:
 0.00000000000 0.00000000000 0.00000000000 0.00000000000 0.00000000000 0.00000000000 0.00000000000 0.00000000000 0.00000000000 0.00000000000 0.00000000000 0.00000000000
 0.00000000000 0.00000000000 0.00000000000 0.00000000000 0.00000000000 0.00000000000 0.00000000000 0.00000000000 0.00000000000 0.00000000000 0.00000000000 0.00000000000
 0.00000000000 0.00000000000 0.00000000000 0.00000000000 0.00000000000 0.00000000000 0.00000000000 0.00000000000 0.00000000000 0.00000000000 0.00000000000 0.00000000000 0.00000000000 0.00000000000 0.00000000000 0.00000000000 0.00000000000 0.00000000000 0.00000000000 0.00000000000 0.00000000000
# ln_sigma_rec:
 0.00000000000 0.00000000000 0.00000000000
# h_rec:
 0.700000000000 0.700000000000 0.700000000000
