# Number of parameters = 313 Objective function value = -1854322.88549766  Maximum gradient component = 0.000136784688465260
# ln_mn_rec:
 16.6398948221737 12.5479639356527 11.7193533865325
# ln_mean_F:
 -1.98304823202409 -1.24357028493875 -3.44622680297896
# ln_mean_M2:
 -0.800000000000000 -0.800000000000000 -0.800000000000000 -0.800000000000000 -0.800000000000000 -0.800000000000000 -0.800000000000000 -0.800000000000000 -0.800000000000000 -0.800000000000000 -0.800000000000000 -0.800000000000000
 -0.800000000000000 -0.800000000000000 -0.800000000000000 -0.800000000000000 -0.800000000000000 -0.800000000000000 -0.800000000000000 -0.800000000000000 -0.800000000000000 -0.800000000000000 -0.800000000000000 -0.800000000000000
 -0.800000000000000 -0.800000000000000 -0.800000000000000 -0.800000000000000 -0.800000000000000 -0.800000000000000 -0.800000000000000 -0.800000000000000 -0.800000000000000 -0.800000000000000 -0.800000000000000 -0.800000000000000 -0.800000000000000 -0.800000000000000 -0.800000000000000 -0.800000000000000 -0.800000000000000 -0.800000000000000 -0.800000000000000 -0.800000000000000 -0.800000000000000
# rec_dev:
 1.70532027420196 0.800655943807397 0.878384957768132 0.294314123585144 1.44595308203887 0.140195636700826 1.08234292500044 0.338012195984273 -0.303674245072793 -0.679220299528408 0.00278088137390853 1.51138286449166 0.805802618449833 0.479034637771381 1.17653161206234 0.107237121695993 -0.125765384420726 0.660875780538859 1.04986798701239 0.294804788978631 0.312481827314290 0.692580671370838 1.08215722218754 0.614893574369447 0.237028030142998 -0.487288941233562 -0.808885682665256 0.137046090474790 0.998609365248019 0.116515156344077 1.51545871401180 0.618957428816900 0.174180142129378 -0.0473106404814381 1.59823826059372 0.675325647522875 -0.0335138770927497 -0.258665356131042 0.0702219595395164
 1.02575329283055 0.415851607804274 0.212168639290006 0.342463183319698 1.03694289639215 0.254224856684196 0.940797041835609 0.0962016137643182 -0.360174329335537 -0.453098340854162 0.570995633152283 1.02699821386203 0.662880769315358 0.662651283095448 0.874816915232774 -0.155856340264956 0.102918121359636 0.494267650456610 0.940195523200625 0.294032816726524 0.559778931664335 0.936003445115961 0.0949963646626291 0.0117802976444832 -0.141028229506121 -0.0257469750134973 -0.348710343669831 0.321371679917226 0.960154489640237 0.602838608530380 1.24080585681321 0.184198396351061 0.994493149984555 1.05532686803678 0.835577896448505 0.396737364638808 -0.635183544283962 -0.512858043262113 -0.960496537435407
 -0.420420727856026 -0.388641431471852 0.413423315234734 -1.00276608787258 -0.606078412405944 0.321191257157134 0.825247715943195 0.380469143430389 0.436639822981455 0.0784173698866564 0.207560502440709 0.672687285611618 0.872247835962018 1.11550018006032 1.13655876103929 0.313006636789412 0.494672088912820 0.705842128613023 0.381665408020011 0.347702069562521 0.822280891042528 0.478695696018947 0.714594962184332 0.915635474508099 0.992471207555916 0.767991226823938 0.351567036690639 0.753797942776409 0.531936881567866 0.372878637017768 0.653305435941329 0.347682773844330 -0.0219187331833428 0.555256754770957 0.531717344905264 0.251436100330753 -0.114829545787069 0.447515565196486 0.232638955480223
# init_dev:
 0.433048590700624 -0.720812207142282 -1.34864880113267 -1.47649579166689 -1.92824362513486 -2.43038659201271 -2.45508009289929 -2.16630007361772 -2.00643199755855 -1.96401967076500 -2.80949681480513
 0.663251781615038 1.12629462607258 -0.743939118873199 -0.617605589709173 -1.07162674368993 -2.20413141070612 -2.41710783009074 -2.37654565871468 -2.23020513958774 -2.04911535517541 -2.63434005383270
 -0.228865284541953 0.276818276818682 -1.37218080098377 0.270966717759265 -0.802529794901023 -0.241911738633338 0.0858952724217197 -0.757200196339461 -1.19685758749717 -1.36752408631527 -1.40532189133877 -1.38195072648840 -1.32233273283750 -1.22931607267889 -1.10393776657701 -0.957917796159528 -0.801523179648910 -0.659345550740939 -0.538301027140180 -1.13624329966718
# F_dev:
 1.02190839327756 0.998892936708057 0.559416287247284 0.0820082719532884 -0.261072617173609 -0.361445553230332 -0.513802010010915 -0.430524821604042 -0.677846776554254 -0.333013318791135 -0.255686940672449 0.0597994365593486 0.0666703747351605 0.348584473534865 0.156479573508594 -0.0599617754931465 -0.0743541013792957 -0.174564306453654 -0.298771740255164 -0.174355439098262 -0.229041321773671 -0.0836584256341482 0.0396212110286633 0.121711006318739 0.192426886384292 0.134195511937104 0.180950754501284 0.231826125278246 0.227031662410027 0.179865682204326 0.0152116980179429 -0.0898357023751153 0.157540171884413 -0.0706431012098356 -0.168773930807118 -0.0877684073049920 -0.100403214438375 -0.0636605434178144 -0.264956490149356
 -0.214195001996325 -0.406407458748067 -0.751572477988635 -1.43065938545796 -1.07589229034702 -0.957702685914620 -0.754120328849956 -0.683377009311059 -0.676874933237055 -0.305156670279773 -0.443651218606668 -0.374218158378905 0.0502785092784812 0.191176556534234 0.387100712716201 0.250743396299262 0.411791857500567 0.259184463746385 0.463773754469116 -0.103727867160240 0.311989574148528 0.387667311259223 0.220507260457612 0.347868586404545 0.178762437370438 0.270351778336940 0.107018337646469 0.382547551525242 0.257787261564257 0.411617662501175 0.477525802834908 0.218780804223416 0.512667621171047 0.550547928646260 0.453156878497762 0.391146899107449 0.384730475427745 0.200139310074617 0.0986926107865997
 0.640198651444074 0.934282054838762 0.850086986688797 0.548099760076234 0.632045051354620 0.342954160806068 0.0737703529762115 -0.0257118489610839 -0.418934534571662 1.01593525892905 -0.0300481183457197 0.362621450147358 0.632119171020966 0.109660894235555 -0.239170657594142 0.183439187618433 -0.398813767608342 0.128806693171384 -0.421311920490263 -0.0864580885525079 -0.579788730365962 -0.326858800286720 -0.248075476787312 -0.414655197154117 -0.203025320986509 -0.0370358549519043 -0.0881897982109994 -0.453057334356163 -0.586259460239917 -0.100172741974504 -0.0920747707034391 -0.282302431858483 -0.0659559815078641 0.0142810424191602 -0.244346998358147 -0.161599089883463 -0.527859631738401 -0.237024948382253 -0.199569218776020
# M1_dev:
 0.00000000000000 0.00000000000000 0.00000000000000 0.00000000000000 0.00000000000000 0.00000000000000 0.00000000000000 0.00000000000000 0.00000000000000 0.00000000000000 0.00000000000000 0.00000000000000
 0.00000000000000 0.00000000000000 0.00000000000000 0.00000000000000 0.00000000000000 0.00000000000000 0.00000000000000 0.00000000000000 0.00000000000000 0.00000000000000 0.00000000000000 0.00000000000000
 0.00000000000000 0.00000000000000 0.00000000000000 0.00000000000000 0.00000000000000 0.00000000000000 0.00000000000000 0.00000000000000 0.00000000000000 0.00000000000000 0.00000000000000 0.00000000000000 0.00000000000000 0.00000000000000 0.00000000000000 0.00000000000000 0.00000000000000 0.00000000000000 0.00000000000000 0.00000000000000 0.00000000000000
# M2_dev:
 0.00000000000000 0.00000000000000 0.00000000000000 0.00000000000000 0.00000000000000 0.00000000000000 0.00000000000000 0.00000000000000 0.00000000000000 0.00000000000000 0.00000000000000 0.00000000000000 0.00000000000000 0.00000000000000 0.00000000000000 0.00000000000000 0.00000000000000 0.00000000000000 0.00000000000000 0.00000000000000 0.00000000000000 0.00000000000000 0.00000000000000 0.00000000000000 0.00000000000000 0.00000000000000 0.00000000000000 0.00000000000000 0.00000000000000 0.00000000000000 0.00000000000000 0.00000000000000 0.00000000000000 0.00000000000000 0.00000000000000 0.00000000000000 0.00000000000000 0.00000000000000 0.00000000000000
 0.00000000000000 0.00000000000000 0.00000000000000 0.00000000000000 0.00000000000000 0.00000000000000 0.00000000000000 0.00000000000000 0.00000000000000 0.00000000000000 0.00000000000000 0.00000000000000 0.00000000000000 0.00000000000000 0.00000000000000 0.00000000000000 0.00000000000000 0.00000000000000 0.00000000000000 0.00000000000000 0.00000000000000 0.00000000000000 0.00000000000000 0.00000000000000 0.00000000000000 0.00000000000000 0.00000000000000 0.00000000000000 0.00000000000000 0.00000000000000 0.00000000000000 0.00000000000000 0.00000000000000 0.00000000000000 0.00000000000000 0.00000000000000 0.00000000000000 0.00000000000000 0.00000000000000
 0.00000000000000 0.00000000000000 0.00000000000000 0.00000000000000 0.00000000000000 0.00000000000000 0.00000000000000 0.00000000000000 0.00000000000000 0.00000000000000 0.00000000000000 0.00000000000000 0.00000000000000 0.00000000000000 0.00000000000000 0.00000000000000 0.00000000000000 0.00000000000000 0.00000000000000 0.00000000000000 0.00000000000000 0.00000000000000 0.00000000000000 0.00000000000000 0.00000000000000 0.00000000000000 0.00000000000000 0.00000000000000 0.00000000000000 0.00000000000000 0.00000000000000 0.00000000000000 0.00000000000000 0.00000000000000 0.00000000000000 0.00000000000000 0.00000000000000 0.00000000000000 0.00000000000000
# fsh_sel_coff:
 -5.76443413686686 -3.23873209911603 -1.37054096537769 -0.276203673254619 0.286561855190064 0.623966388743294 0.691164769605424 0.560087499362409
 -8.51723430317632 -6.07830694831279 -3.65919078705833 -1.52296635242376 -0.128817245480547 0.664494562429171 0.899522432902934 0.905278028306438
 -3.95475853893846 -2.65102696595695 -1.64934494894324 -1.01143857741580 -0.552715296852917 0.501112833483832 1.19910862271656 0.594036899837203
# srv_sel_coff[1]:
 0.00000000000000 0.00000000000000 0.00000000000000 0.00000000000000 0.00000000000000 0.00000000000000 0.00000000000000 0.00000000000000
# srv_sel_coff[2]:
 0.00000000000000 0.00000000000000 0.00000000000000 0.00000000000000 0.00000000000000 0.00000000000000 0.00000000000000 0.00000000000000
# srv_sel_coff[3]:
 0.00000000000000 0.00000000000000 0.00000000000000 0.00000000000000 0.00000000000000 0.00000000000000 0.00000000000000 0.00000000000000
# srv_sel_inf[1]:
5.58588880243
# srv_sel_inf[2]:
1.68511119223
# srv_sel_inf[3]:
2.71641962939
# srv_sel_slp[1]:
0.732993055910
# srv_sel_slp[2]:
1.48556444231
# srv_sel_slp[3]:
1.92550218113
# log_eit_q:
-8.52791141951
# log_srv_q:
 0.00000000000 0.00000000000 0.00000000000
# ln_mean_M2_fut:
 0.00000000000 0.00000000000 0.00000000000 0.00000000000 0.00000000000 0.00000000000 0.00000000000 0.00000000000 0.00000000000 0.00000000000 0.00000000000 0.00000000000
 0.00000000000 0.00000000000 0.00000000000 0.00000000000 0.00000000000 0.00000000000 0.00000000000 0.00000000000 0.00000000000 0.00000000000 0.00000000000 0.00000000000
 0.00000000000 0.00000000000 0.00000000000 0.00000000000 0.00000000000 0.00000000000 0.00000000000 0.00000000000 0.00000000000 0.00000000000 0.00000000000 0.00000000000 0.00000000000 0.00000000000 0.00000000000 0.00000000000 0.00000000000 0.00000000000 0.00000000000 0.00000000000 0.00000000000
# ln_sigma_rec:
 0.00000000000 0.00000000000 0.00000000000
# h_rec:
 0.700000000000 0.700000000000 0.700000000000
