# Number of parameters = 313 Objective function value = -1854296.30065238  Maximum gradient component = 0.000580489266247439
# ln_mn_rec:
 16.9596722192440 12.8323466076460 12.0129242603286
# ln_mean_F:
 -1.97953768744467 -1.23596876711770 -3.44772427749546
# ln_mean_M2:
 -0.800000000000000 -0.800000000000000 -0.800000000000000 -0.800000000000000 -0.800000000000000 -0.800000000000000 -0.800000000000000 -0.800000000000000 -0.800000000000000 -0.800000000000000 -0.800000000000000 -0.800000000000000
 -0.800000000000000 -0.800000000000000 -0.800000000000000 -0.800000000000000 -0.800000000000000 -0.800000000000000 -0.800000000000000 -0.800000000000000 -0.800000000000000 -0.800000000000000 -0.800000000000000 -0.800000000000000
 -0.800000000000000 -0.800000000000000 -0.800000000000000 -0.800000000000000 -0.800000000000000 -0.800000000000000 -0.800000000000000 -0.800000000000000 -0.800000000000000 -0.800000000000000 -0.800000000000000 -0.800000000000000 -0.800000000000000 -0.800000000000000 -0.800000000000000 -0.800000000000000 -0.800000000000000 -0.800000000000000 -0.800000000000000 -0.800000000000000 -0.800000000000000
# rec_dev:
 1.16661414995160 0.517438179481973 0.881530609640359 0.495114831067891 1.64526604227377 0.572657825312888 1.43029499010664 0.810678572236313 0.345182480870621 -0.131494748507281 0.431441945766636 1.45719347931644 0.778992208380163 0.327505971407252 1.09789847684584 0.249302808460168 0.0778948199043619 0.762486834565957 1.08959505510190 0.474380364951726 0.289368742945390 0.721772217431244 1.03283819552107 0.657508372255244 0.450763440945781 -0.246660995874800 -0.550674475677393 0.158512499759340 0.844903062402992 -0.000664677129295299 1.21173774128457 0.595685838092049 0.215172279111876 -0.0283238290919314 1.51877557131693 0.915506641529571 0.339293625900840 -0.145815876391090 -0.0127790745550964
 0.865114020143416 0.339442139905326 0.351658339185230 0.480066986490261 1.21363495784793 0.484511951146715 1.03313387878895 0.297743526339392 -0.0847722817182657 -0.161600653510328 0.807432984856518 1.17164817843840 0.613799557151156 0.604609224989591 0.794245742334423 -0.108972589070630 0.168157173951863 0.576943516512650 1.00221843764604 0.341733392740391 0.498417503313382 0.946997543341796 0.0604075995301976 0.0232861817739476 -0.0947257464908215 0.0888310870583346 -0.245012741090228 0.298284411380669 0.935477405526530 0.558753438212836 1.14563160491057 0.199698592066934 1.05583014186160 1.11019467164627 0.832617031442211 0.482086408614036 -0.492083884801817 -0.265835112333800 -0.843110021417191
 -0.481729465737812 -0.284100243615747 0.597776608009323 -0.822153296952461 -0.373012719966251 0.485484028035152 1.00630164533184 0.626583367931541 0.706713076159772 0.290499131016746 0.569556808914800 0.670042577323356 0.942896049517710 1.15843467927144 1.16795670024898 0.419769792970010 0.628458425111919 0.901213962969329 0.488099947058229 0.466429506526149 0.889458647517710 0.572077661034340 0.756691415612538 0.958437748492802 1.19568659314995 0.856990846938007 0.460312603591825 0.816588358070289 0.547074753462784 0.414823940005844 0.663497030268129 0.525414397178309 0.121432754161583 0.702451806358983 0.614671067783457 0.393453390609002 0.198366877826622 0.711706747094913 0.318403067699380
# init_dev:
 -0.0922673363227116 -1.01090907043656 -1.66961653060879 -1.80913659518305 -2.26010300026607 -2.74659661131130 -2.75164046157942 -2.46324325805692 -2.29839985198196 -2.24164514996765 -3.10333569015067
 0.427594146125198 0.795274274682619 -0.887817124399152 -0.952003555373244 -1.31321940527108 -2.43109815510124 -2.63568648265107 -2.58258329476720 -2.43054081980966 -2.23871059239721 -2.83770390196943
 -0.467899062294212 -0.00779000262573959 -1.58954408453338 -0.0368787198413099 -1.04615123924207 -0.511055473896224 -0.261021586382210 -1.01215265515900 -1.45084518056299 -1.60761481316228 -1.64505382386298 -1.61978582074062 -1.55329039309855 -1.45884307641127 -1.32696675615648 -1.18173145430577 -1.03614520833604 -0.893110351746312 -0.730761751598777 -1.44611979555909
# F_dev:
 1.02253039654681 1.00323585054282 0.552686490522039 0.0651969870646170 -0.284228158561197 -0.387888614940232 -0.539942692516068 -0.457619092757479 -0.702269486243450 -0.351812492967623 -0.265898031665730 0.0568430007616172 0.0722463322295290 0.360041743879007 0.162708990895853 -0.0616853964403994 -0.0793270553940175 -0.178298835674212 -0.301641774204363 -0.172040459532724 -0.221894141830102 -0.0735607671943619 0.0499612484824485 0.132233843742554 0.200209363666232 0.138892809948612 0.185719310450152 0.241177315643588 0.239760264142312 0.198523664164775 0.0389738119946177 -0.0673282747870179 0.175173088326698 -0.0588845761369878 -0.165608314561997 -0.0896231013497566 -0.103748349727740 -0.0711819818079800 -0.261632151744401
 -0.265283800512780 -0.441470960005429 -0.765619325564288 -1.43416864188644 -1.08433354415929 -0.969633005329285 -0.771393939200033 -0.698309834029212 -0.682239837511160 -0.308737770376860 -0.443576254944540 -0.375362788080697 0.0437061435672330 0.189422731450017 0.392586759325702 0.257743367177454 0.415339373144189 0.258037890270648 0.464343739319331 -0.102479799433969 0.317772398469540 0.402458206310087 0.240594859388651 0.372723861326588 0.201521316358232 0.282312386216766 0.111076117982298 0.379088008345949 0.253306025942589 0.412626304059527 0.487895581792587 0.235549418705164 0.526866913881268 0.560577934298458 0.457813903664317 0.390904146017634 0.384485635687806 0.203052684651484 0.100802947357606
 0.618302612819683 0.915500345348253 0.835964482944219 0.530525318369666 0.618681084642054 0.328019758188882 0.0598938371332718 -0.0343668148387977 -0.428337262360612 1.00828259617534 -0.0369513343164414 0.358476830702548 0.630793006343106 0.112279736334404 -0.236358620571766 0.188232452379831 -0.394919279358204 0.130799007021899 -0.416709981277064 -0.0806790227202541 -0.572582212081358 -0.319075753768960 -0.239395614375047 -0.404508605702047 -0.194975930818021 -0.0277269029981841 -0.0798467844458663 -0.444910471276605 -0.578611785518010 -0.0930668935888281 -0.0830375970271255 -0.275736684587585 -0.0594247652351907 0.0197119449443299 -0.240259964173195 -0.158020783493640 -0.525616453349928 -0.233584092927217 -0.196759269085385
# M1_dev:
 0.00000000000000 0.00000000000000 0.00000000000000 0.00000000000000 0.00000000000000 0.00000000000000 0.00000000000000 0.00000000000000 0.00000000000000 0.00000000000000 0.00000000000000 0.00000000000000
 0.00000000000000 0.00000000000000 0.00000000000000 0.00000000000000 0.00000000000000 0.00000000000000 0.00000000000000 0.00000000000000 0.00000000000000 0.00000000000000 0.00000000000000 0.00000000000000
 0.00000000000000 0.00000000000000 0.00000000000000 0.00000000000000 0.00000000000000 0.00000000000000 0.00000000000000 0.00000000000000 0.00000000000000 0.00000000000000 0.00000000000000 0.00000000000000 0.00000000000000 0.00000000000000 0.00000000000000 0.00000000000000 0.00000000000000 0.00000000000000 0.00000000000000 0.00000000000000 0.00000000000000
# M2_dev:
 0.00000000000000 0.00000000000000 0.00000000000000 0.00000000000000 0.00000000000000 0.00000000000000 0.00000000000000 0.00000000000000 0.00000000000000 0.00000000000000 0.00000000000000 0.00000000000000 0.00000000000000 0.00000000000000 0.00000000000000 0.00000000000000 0.00000000000000 0.00000000000000 0.00000000000000 0.00000000000000 0.00000000000000 0.00000000000000 0.00000000000000 0.00000000000000 0.00000000000000 0.00000000000000 0.00000000000000 0.00000000000000 0.00000000000000 0.00000000000000 0.00000000000000 0.00000000000000 0.00000000000000 0.00000000000000 0.00000000000000 0.00000000000000 0.00000000000000 0.00000000000000 0.00000000000000
 0.00000000000000 0.00000000000000 0.00000000000000 0.00000000000000 0.00000000000000 0.00000000000000 0.00000000000000 0.00000000000000 0.00000000000000 0.00000000000000 0.00000000000000 0.00000000000000 0.00000000000000 0.00000000000000 0.00000000000000 0.00000000000000 0.00000000000000 0.00000000000000 0.00000000000000 0.00000000000000 0.00000000000000 0.00000000000000 0.00000000000000 0.00000000000000 0.00000000000000 0.00000000000000 0.00000000000000 0.00000000000000 0.00000000000000 0.00000000000000 0.00000000000000 0.00000000000000 0.00000000000000 0.00000000000000 0.00000000000000 0.00000000000000 0.00000000000000 0.00000000000000 0.00000000000000
 0.00000000000000 0.00000000000000 0.00000000000000 0.00000000000000 0.00000000000000 0.00000000000000 0.00000000000000 0.00000000000000 0.00000000000000 0.00000000000000 0.00000000000000 0.00000000000000 0.00000000000000 0.00000000000000 0.00000000000000 0.00000000000000 0.00000000000000 0.00000000000000 0.00000000000000 0.00000000000000 0.00000000000000 0.00000000000000 0.00000000000000 0.00000000000000 0.00000000000000 0.00000000000000 0.00000000000000 0.00000000000000 0.00000000000000 0.00000000000000 0.00000000000000 0.00000000000000 0.00000000000000 0.00000000000000 0.00000000000000 0.00000000000000 0.00000000000000 0.00000000000000 0.00000000000000
# fsh_sel_coff:
 -5.86722860148192 -3.28797331822048 -1.41262277734461 -0.292131885505240 0.285244627843912 0.626507375810509 0.695790163909533 0.567142621768725
 -8.55366803502845 -6.09774213111261 -3.66563167790190 -1.52370204080169 -0.134278999490030 0.663785577670821 0.905842721446095 0.901613513164603
 -4.16198029718220 -2.71927531723139 -1.66243233614358 -1.01295927576696 -0.552252218432082 0.501287284562707 1.20285696257042 0.593088163841295
# srv_sel_coff[1]:
 0.00000000000000 0.00000000000000 0.00000000000000 0.00000000000000 0.00000000000000 0.00000000000000 0.00000000000000 0.00000000000000
# srv_sel_coff[2]:
 0.00000000000000 0.00000000000000 0.00000000000000 0.00000000000000 0.00000000000000 0.00000000000000 0.00000000000000 0.00000000000000
# srv_sel_coff[3]:
 0.00000000000000 0.00000000000000 0.00000000000000 0.00000000000000 0.00000000000000 0.00000000000000 0.00000000000000 0.00000000000000
# srv_sel_inf[1]:
5.52414697103
# srv_sel_inf[2]:
1.80035219397
# srv_sel_inf[3]:
2.73602856943
# srv_sel_slp[1]:
0.800275659878
# srv_sel_slp[2]:
1.81525674232
# srv_sel_slp[3]:
2.07697837796
# log_eit_q:
-8.54490248181
# log_srv_q:
 0.00000000000 0.00000000000 0.00000000000
# ln_mean_M2_fut:
 0.00000000000 0.00000000000 0.00000000000 0.00000000000 0.00000000000 0.00000000000 0.00000000000 0.00000000000 0.00000000000 0.00000000000 0.00000000000 0.00000000000
 0.00000000000 0.00000000000 0.00000000000 0.00000000000 0.00000000000 0.00000000000 0.00000000000 0.00000000000 0.00000000000 0.00000000000 0.00000000000 0.00000000000
 0.00000000000 0.00000000000 0.00000000000 0.00000000000 0.00000000000 0.00000000000 0.00000000000 0.00000000000 0.00000000000 0.00000000000 0.00000000000 0.00000000000 0.00000000000 0.00000000000 0.00000000000 0.00000000000 0.00000000000 0.00000000000 0.00000000000 0.00000000000 0.00000000000
# ln_sigma_rec:
 0.00000000000 0.00000000000 0.00000000000
# h_rec:
 0.700000000000 0.700000000000 0.700000000000
