# Number of parameters = 313 Objective function value = -1854293.01910412  Maximum gradient component = 5.04333166771719e-06
# ln_mn_rec:
 17.0161360821165 12.8158781447291 12.0040928596597
# ln_mean_F:
 -1.97668156966330 -1.22956720392363 -3.44369715330789
# ln_mean_M2:
 -0.800000000000000 -0.800000000000000 -0.800000000000000 -0.800000000000000 -0.800000000000000 -0.800000000000000 -0.800000000000000 -0.800000000000000 -0.800000000000000 -0.800000000000000 -0.800000000000000 -0.800000000000000
 -0.800000000000000 -0.800000000000000 -0.800000000000000 -0.800000000000000 -0.800000000000000 -0.800000000000000 -0.800000000000000 -0.800000000000000 -0.800000000000000 -0.800000000000000 -0.800000000000000 -0.800000000000000
 -0.800000000000000 -0.800000000000000 -0.800000000000000 -0.800000000000000 -0.800000000000000 -0.800000000000000 -0.800000000000000 -0.800000000000000 -0.800000000000000 -0.800000000000000 -0.800000000000000 -0.800000000000000 -0.800000000000000 -0.800000000000000 -0.800000000000000 -0.800000000000000 -0.800000000000000 -0.800000000000000 -0.800000000000000 -0.800000000000000 -0.800000000000000
# rec_dev:
 1.14762596320391 0.519994574048257 0.904192090394973 0.521893711375546 1.66538920880616 0.582854111739978 1.44955841127105 0.841389422648366 0.385580917022814 -0.0803817882397091 0.458190191926274 1.45391537728455 0.763981476370823 0.317764429376236 1.10583090391523 0.272258336814346 0.107961754638266 0.783191794588374 1.10467232553519 0.484438321929234 0.299626797540281 0.734119811531535 1.04021582025511 0.668434599582648 0.474128924783940 -0.215834077589825 -0.516704905045263 0.177768722585434 0.847576374539454 -0.00134719329432897 1.20483619950941 0.600522167827728 0.225826010175979 -0.0204128859729451 1.52666358870161 0.933409520068791 0.366641126255074 -0.143816423009859 0.00628501595017106
 0.879345766355888 0.340138292025202 0.349472963275046 0.478445161986258 1.21591256626836 0.455192410978134 1.02856606208465 0.276960613391225 -0.0991600880324537 -0.177085417808224 0.815929040551834 1.17493953612239 0.614621470199864 0.604217054590823 0.807297073639230 -0.115779498060450 0.177427533907441 0.582136114870773 1.01050710741263 0.339432253429253 0.504530343161061 0.961267443523537 0.0655269441165007 0.0273700007614313 -0.0947132728144702 0.0899826615896142 -0.247326663637772 0.307450088032295 0.943706074945501 0.562935412097382 1.15936352428221 0.185906511433656 1.06327598765842 1.11621529996802 0.837713998727088 0.464292094612411 -0.532695742558420 -0.311644254955759 -0.925460829576512
 -0.489698827933839 -0.284199251530834 0.599254849636196 -0.834078514846572 -0.389915199583504 0.477021837227028 1.00516069512735 0.623164595432574 0.706692714841706 0.292101903419717 0.574231554796308 0.673357821354312 0.939992404323100 1.16276046124039 1.17427913010982 0.419083537914464 0.633482610046292 0.909770718735752 0.489688863100309 0.468129736039725 0.898342477678804 0.577071621556772 0.764297262651381 0.963475960458549 1.19871730696463 0.862991297691281 0.463319297512095 0.828461921528177 0.550489251230140 0.421406144438736 0.666195467724179 0.526440110131617 0.106559104534767 0.705901228390529 0.600433672623602 0.365972330839641 0.153694427519628 0.674428082674844 0.225120504621703
# init_dev:
 -0.134721772692650 -1.06293851054191 -1.72103516185033 -1.86253463270267 -2.31070219282905 -2.79339492627694 -2.80278958745345 -2.51548032010129 -2.34974068538017 -2.29056385690512 -3.15433907840775
 0.432411797317645 0.817652858197285 -0.881760371943823 -0.929333816074674 -1.29839267934598 -2.41737860103505 -2.62296937238101 -2.56913562628848 -2.41759497435823 -2.22580642538046 -2.82390440769264
 -0.449452023681618 -0.00267106887321411 -1.57811251750035 -0.0286358700575473 -1.03854015518371 -0.503370899687246 -0.250019595220094 -1.00669830555946 -1.44364409619832 -1.59962926877689 -1.63663457020525 -1.61118568709658 -1.54422981235947 -1.44977241229275 -1.31799940948422 -1.17271720531073 -1.02841240562761 -0.887377934041991 -0.721566945417276 -1.43292892506473
# F_dev:
 1.01587708874926 0.998628713216327 0.550153065610598 0.0632637260870226 -0.285263059294243 -0.388593716212359 -0.540488293930780 -0.458709497262747 -0.703625829529724 -0.353396363228063 -0.266745826838189 0.0570416937290918 0.0736584011094461 0.361900566053707 0.164237800472005 -0.0610580210698402 -0.0790667095674369 -0.177875330455823 -0.301269239809873 -0.171463519260795 -0.220946588195712 -0.0726730295664719 0.0507161329021351 0.132994910685579 0.200468476585872 0.138524778673521 0.185064559906472 0.241117774023596 0.239971185420734 0.199239809902469 0.0404020796006517 -0.0656417027256477 0.176809327364086 -0.0574150195520566 -0.164639659313044 -0.0887630902552790 -0.102718037209485 -0.0703412946156590 -0.259376252496379
 -0.268689765275429 -0.445389302828064 -0.769969678258555 -1.43868454175995 -1.08823420067761 -0.973376017515973 -0.774843056591196 -0.701328808655290 -0.685229060042456 -0.312287191500339 -0.446890166743074 -0.378385330949238 0.0411738286353973 0.189070936881436 0.394602611261339 0.259261692051130 0.415111424714020 0.257580373297632 0.463277099395413 -0.102934040611268 0.318119097395837 0.404817585397293 0.242943015720618 0.373814708753169 0.203078525102086 0.282631408229705 0.110127942432603 0.378030740006528 0.254333206446338 0.415142293876960 0.492421514419297 0.241624827262449 0.531337189792611 0.564143851055778 0.460535975618097 0.393355498827097 0.387811773601147 0.206124909286006 0.105769131095634
 0.614455146534281 0.911725908254315 0.832240372342241 0.526972196918852 0.615315519817665 0.324385561242018 0.0590627434959821 -0.0359083387998425 -0.429528347152003 1.00838450555070 -0.0361319551990409 0.358355896762216 0.631249500753031 0.113076763435931 -0.235601438498605 0.189436465606445 -0.393352664171495 0.132438646626438 -0.415383833671436 -0.0795339347598318 -0.571342878495495 -0.317580625192598 -0.238259767975862 -0.403340440016358 -0.193383645901896 -0.0265667483028960 -0.0792728207353974 -0.443756428339480 -0.578144424354290 -0.0933004566073858 -0.0835630385417225 -0.276195352308491 -0.0599154797915489 0.0190417159550087 -0.240019369008133 -0.157630965148144 -0.524365348339945 -0.231353147357853 -0.192709495217876
# M1_dev:
 0.00000000000000 0.00000000000000 0.00000000000000 0.00000000000000 0.00000000000000 0.00000000000000 0.00000000000000 0.00000000000000 0.00000000000000 0.00000000000000 0.00000000000000 0.00000000000000
 0.00000000000000 0.00000000000000 0.00000000000000 0.00000000000000 0.00000000000000 0.00000000000000 0.00000000000000 0.00000000000000 0.00000000000000 0.00000000000000 0.00000000000000 0.00000000000000
 0.00000000000000 0.00000000000000 0.00000000000000 0.00000000000000 0.00000000000000 0.00000000000000 0.00000000000000 0.00000000000000 0.00000000000000 0.00000000000000 0.00000000000000 0.00000000000000 0.00000000000000 0.00000000000000 0.00000000000000 0.00000000000000 0.00000000000000 0.00000000000000 0.00000000000000 0.00000000000000 0.00000000000000
# M2_dev:
 0.00000000000000 0.00000000000000 0.00000000000000 0.00000000000000 0.00000000000000 0.00000000000000 0.00000000000000 0.00000000000000 0.00000000000000 0.00000000000000 0.00000000000000 0.00000000000000 0.00000000000000 0.00000000000000 0.00000000000000 0.00000000000000 0.00000000000000 0.00000000000000 0.00000000000000 0.00000000000000 0.00000000000000 0.00000000000000 0.00000000000000 0.00000000000000 0.00000000000000 0.00000000000000 0.00000000000000 0.00000000000000 0.00000000000000 0.00000000000000 0.00000000000000 0.00000000000000 0.00000000000000 0.00000000000000 0.00000000000000 0.00000000000000 0.00000000000000 0.00000000000000 0.00000000000000
 0.00000000000000 0.00000000000000 0.00000000000000 0.00000000000000 0.00000000000000 0.00000000000000 0.00000000000000 0.00000000000000 0.00000000000000 0.00000000000000 0.00000000000000 0.00000000000000 0.00000000000000 0.00000000000000 0.00000000000000 0.00000000000000 0.00000000000000 0.00000000000000 0.00000000000000 0.00000000000000 0.00000000000000 0.00000000000000 0.00000000000000 0.00000000000000 0.00000000000000 0.00000000000000 0.00000000000000 0.00000000000000 0.00000000000000 0.00000000000000 0.00000000000000 0.00000000000000 0.00000000000000 0.00000000000000 0.00000000000000 0.00000000000000 0.00000000000000 0.00000000000000 0.00000000000000
 0.00000000000000 0.00000000000000 0.00000000000000 0.00000000000000 0.00000000000000 0.00000000000000 0.00000000000000 0.00000000000000 0.00000000000000 0.00000000000000 0.00000000000000 0.00000000000000 0.00000000000000 0.00000000000000 0.00000000000000 0.00000000000000 0.00000000000000 0.00000000000000 0.00000000000000 0.00000000000000 0.00000000000000 0.00000000000000 0.00000000000000 0.00000000000000 0.00000000000000 0.00000000000000 0.00000000000000 0.00000000000000 0.00000000000000 0.00000000000000 0.00000000000000 0.00000000000000 0.00000000000000 0.00000000000000 0.00000000000000 0.00000000000000 0.00000000000000 0.00000000000000 0.00000000000000
# fsh_sel_coff:
 -5.91247551585075 -3.31072958224738 -1.42082130299905 -0.294906938171719 0.284655703023767 0.626662404156913 0.696735828916215 0.569192490327566
 -8.55462548373690 -6.09982744363479 -3.66877496803235 -1.52772226646979 -0.137285294434299 0.662065583113440 0.906396072672536 0.903864724540605
 -4.15831486015025 -2.71689682321854 -1.66112864739448 -1.01256914968915 -0.551828808694983 0.501080706015649 1.20256478495112 0.593346057657926
# srv_sel_coff[1]:
 0.00000000000000 0.00000000000000 0.00000000000000 0.00000000000000 0.00000000000000 0.00000000000000 0.00000000000000 0.00000000000000
# srv_sel_coff[2]:
 0.00000000000000 0.00000000000000 0.00000000000000 0.00000000000000 0.00000000000000 0.00000000000000 0.00000000000000 0.00000000000000
# srv_sel_coff[3]:
 0.00000000000000 0.00000000000000 0.00000000000000 0.00000000000000 0.00000000000000 0.00000000000000 0.00000000000000 0.00000000000000
# srv_sel_inf[1]:
5.50438244927
# srv_sel_inf[2]:
1.78543794380
# srv_sel_inf[3]:
2.72904420515
# srv_sel_slp[1]:
0.816855721774
# srv_sel_slp[2]:
1.82645318291
# srv_sel_slp[3]:
2.08346071743
# log_eit_q:
-8.55059065571
# log_srv_q:
 0.00000000000 0.00000000000 0.00000000000
# ln_mean_M2_fut:
 0.00000000000 0.00000000000 0.00000000000 0.00000000000 0.00000000000 0.00000000000 0.00000000000 0.00000000000 0.00000000000 0.00000000000 0.00000000000 0.00000000000
 0.00000000000 0.00000000000 0.00000000000 0.00000000000 0.00000000000 0.00000000000 0.00000000000 0.00000000000 0.00000000000 0.00000000000 0.00000000000 0.00000000000
 0.00000000000 0.00000000000 0.00000000000 0.00000000000 0.00000000000 0.00000000000 0.00000000000 0.00000000000 0.00000000000 0.00000000000 0.00000000000 0.00000000000 0.00000000000 0.00000000000 0.00000000000 0.00000000000 0.00000000000 0.00000000000 0.00000000000 0.00000000000 0.00000000000
# ln_sigma_rec:
 0.00000000000 0.00000000000 0.00000000000
# h_rec:
 0.700000000000 0.700000000000 0.700000000000
