# Number of parameters = 313 Objective function value = -1854293.25392481  Maximum gradient component = 0.00177892389794654
# ln_mn_rec:
 17.0153539516167 12.8232790468195 12.0103636428284
# ln_mean_F:
 -1.97852451331193 -1.23606844904542 -3.44704399407801
# ln_mean_M2:
 -0.800000000000000 -0.800000000000000 -0.800000000000000 -0.800000000000000 -0.800000000000000 -0.800000000000000 -0.800000000000000 -0.800000000000000 -0.800000000000000 -0.800000000000000 -0.800000000000000 -0.800000000000000
 -0.800000000000000 -0.800000000000000 -0.800000000000000 -0.800000000000000 -0.800000000000000 -0.800000000000000 -0.800000000000000 -0.800000000000000 -0.800000000000000 -0.800000000000000 -0.800000000000000 -0.800000000000000
 -0.800000000000000 -0.800000000000000 -0.800000000000000 -0.800000000000000 -0.800000000000000 -0.800000000000000 -0.800000000000000 -0.800000000000000 -0.800000000000000 -0.800000000000000 -0.800000000000000 -0.800000000000000 -0.800000000000000 -0.800000000000000 -0.800000000000000 -0.800000000000000 -0.800000000000000 -0.800000000000000 -0.800000000000000 -0.800000000000000 -0.800000000000000
# rec_dev:
 1.14795365303531 0.519539536760094 0.904023292845418 0.521859927524886 1.66550397029332 0.581270181582497 1.44967172254946 0.839799930624372 0.381601656753199 -0.0861985773993172 0.457480721116358 1.45456312223567 0.764350583900574 0.319548283073342 1.10645973717939 0.271540459717052 0.107442441486228 0.784260117173419 1.10613689841946 0.484468497968354 0.300575107116538 0.734721654433276 1.04038270172468 0.667886816512517 0.472731085897717 -0.218876116853892 -0.522134870282665 0.178617938234266 0.849297819492161 0.000251651175194212 1.20663988366818 0.601547684344242 0.227223454965326 -0.0161940754222609 1.53102255297370 0.940046281016048 0.371468059280035 -0.145844322710607 0.0108259693509112
 0.871766732446249 0.337910362339088 0.344408077474077 0.478042000258396 1.20427601001063 0.459358950133151 1.01869433829365 0.275083457467414 -0.101971446122253 -0.172809893714144 0.807167576536123 1.16733776204406 0.609809026637986 0.602025679594231 0.798134872359677 -0.111422691154495 0.169413056237914 0.578810937512175 1.00140088823640 0.337866815916016 0.498768009942633 0.949795646259055 0.0662548608311671 0.0201145266022884 -0.0967703039564665 0.0809832271272253 -0.248469574343963 0.302356417392575 0.936676599932690 0.561470721318562 1.14969874763456 0.198516461517524 1.05285080569360 1.11158238140661 0.835078496587492 0.471905178284139 -0.498842672558222 -0.275105688723055 -0.845560743410122
 -0.478125740808707 -0.286375089487652 0.591467992982198 -0.825280350889342 -0.379192731243286 0.470060273910427 1.00105109975867 0.619250513678924 0.700629382458661 0.289058894692724 0.568790744810455 0.672560707206875 0.934892957015233 1.15749431915763 1.16871880520065 0.417625719349719 0.628247541167720 0.902996936639273 0.489245842081692 0.466155700628061 0.889261544416080 0.575678253776415 0.758689593678474 0.956697652875222 1.19019595608212 0.855787331538441 0.459853628796109 0.819770742359047 0.551141587643292 0.417437112074692 0.666536015754676 0.524514912755279 0.121476033578457 0.703816237303618 0.617307140845524 0.391421400346610 0.193581045172891 0.711236369104153 0.316242468861400
# init_dev:
 -0.131952334866327 -1.06221127771930 -1.72497095317502 -1.86627605618767 -2.31639862714647 -2.79964515491316 -2.80272066808114 -2.51456827449909 -2.34887792411141 -2.28983148936888 -3.15401298556268
 0.428225437352758 0.812877681319739 -0.882446568568900 -0.933446534609024 -1.29952309608603 -2.41745160736471 -2.62207698662098 -2.56843776430511 -2.41679225779577 -2.22492771761475 -2.82260819805550
 -0.466913835374207 -0.00597122652305160 -1.58919499960264 -0.0347229921595655 -1.04412188904665 -0.509234187963866 -0.257654004110845 -1.01213298815432 -1.44884812427470 -1.60487746686234 -1.64184873967906 -1.61644176316165 -1.54961626549105 -1.45518444990569 -1.32339781555276 -1.17797231126590 -1.03343676474045 -0.892438335156218 -0.726303564900343 -1.43960472942902
# F_dev:
 1.02126903903407 1.00370654620464 0.552754593691926 0.0641579565932116 -0.285433301070563 -0.389044631690714 -0.540966011565306 -0.458974902851370 -0.703963379290874 -0.353590616929274 -0.266879396978590 0.0572137044632530 0.0740139336550527 0.362624089392900 0.164526472075785 -0.0612248336645536 -0.0795537871058229 -0.178551167035559 -0.301907660290400 -0.171925506292624 -0.221254442614256 -0.0727305420679496 0.0506954984415842 0.133003223109679 0.200578961549599 0.138657198409886 0.185183189115367 0.241212079177803 0.240190912662204 0.199621907342141 0.0408499869993086 -0.0654549229469730 0.176634682606000 -0.0580577010016530 -0.165517049532770 -0.0899340484900470 -0.104683238965876 -0.0734820608694626 -0.263765363069503
 -0.271817233655312 -0.448680526149944 -0.772344244001253 -1.43967685178693 -1.08755493859351 -0.971561050129971 -0.772810776880991 -0.699724448663558 -0.683886068924251 -0.310171655688134 -0.444733674811044 -0.375869603450651 0.0434709258663641 0.189013578604589 0.392746630372054 0.258428116256349 0.415524736293980 0.257715270292532 0.463461808037888 -0.103303125526349 0.317311151582755 0.403061005770702 0.241814412959647 0.374107192115174 0.203585175522816 0.284870217960378 0.113761069515526 0.381848621600327 0.256496621608038 0.415708153815581 0.491285464841415 0.239257020326010 0.529977122910843 0.563244235555230 0.460003574142497 0.392731218656639 0.385887084627850 0.204289544833230 0.102535397155687
 0.617418242007929 0.914727004413631 0.835362089519617 0.530022561387121 0.618284102850806 0.327796672597698 0.0594968979625463 -0.0348107266949267 -0.428687396919900 1.00778018397193 -0.0375888558633477 0.357833920913421 0.630222767923922 0.111625404153934 -0.236882717645837 0.187897901241156 -0.395073577135800 0.130967516337726 -0.416437569433160 -0.0801729802103406 -0.572035580036992 -0.318445384227070 -0.238664527118555 -0.403774704925011 -0.194193283404998 -0.0269451917801682 -0.0791035215360782 -0.444250702497422 -0.578055788138862 -0.0926676256839638 -0.0827708624315591 -0.275398946174047 -0.0591651614576030 0.0199095582145219 -0.240112823752053 -0.157908492180635 -0.525642874877759 -0.233662593909234 -0.196896207963750
# M1_dev:
 0.00000000000000 0.00000000000000 0.00000000000000 0.00000000000000 0.00000000000000 0.00000000000000 0.00000000000000 0.00000000000000 0.00000000000000 0.00000000000000 0.00000000000000 0.00000000000000
 0.00000000000000 0.00000000000000 0.00000000000000 0.00000000000000 0.00000000000000 0.00000000000000 0.00000000000000 0.00000000000000 0.00000000000000 0.00000000000000 0.00000000000000 0.00000000000000
 0.00000000000000 0.00000000000000 0.00000000000000 0.00000000000000 0.00000000000000 0.00000000000000 0.00000000000000 0.00000000000000 0.00000000000000 0.00000000000000 0.00000000000000 0.00000000000000 0.00000000000000 0.00000000000000 0.00000000000000 0.00000000000000 0.00000000000000 0.00000000000000 0.00000000000000 0.00000000000000 0.00000000000000
# M2_dev:
 0.00000000000000 0.00000000000000 0.00000000000000 0.00000000000000 0.00000000000000 0.00000000000000 0.00000000000000 0.00000000000000 0.00000000000000 0.00000000000000 0.00000000000000 0.00000000000000 0.00000000000000 0.00000000000000 0.00000000000000 0.00000000000000 0.00000000000000 0.00000000000000 0.00000000000000 0.00000000000000 0.00000000000000 0.00000000000000 0.00000000000000 0.00000000000000 0.00000000000000 0.00000000000000 0.00000000000000 0.00000000000000 0.00000000000000 0.00000000000000 0.00000000000000 0.00000000000000 0.00000000000000 0.00000000000000 0.00000000000000 0.00000000000000 0.00000000000000 0.00000000000000 0.00000000000000
 0.00000000000000 0.00000000000000 0.00000000000000 0.00000000000000 0.00000000000000 0.00000000000000 0.00000000000000 0.00000000000000 0.00000000000000 0.00000000000000 0.00000000000000 0.00000000000000 0.00000000000000 0.00000000000000 0.00000000000000 0.00000000000000 0.00000000000000 0.00000000000000 0.00000000000000 0.00000000000000 0.00000000000000 0.00000000000000 0.00000000000000 0.00000000000000 0.00000000000000 0.00000000000000 0.00000000000000 0.00000000000000 0.00000000000000 0.00000000000000 0.00000000000000 0.00000000000000 0.00000000000000 0.00000000000000 0.00000000000000 0.00000000000000 0.00000000000000 0.00000000000000 0.00000000000000
 0.00000000000000 0.00000000000000 0.00000000000000 0.00000000000000 0.00000000000000 0.00000000000000 0.00000000000000 0.00000000000000 0.00000000000000 0.00000000000000 0.00000000000000 0.00000000000000 0.00000000000000 0.00000000000000 0.00000000000000 0.00000000000000 0.00000000000000 0.00000000000000 0.00000000000000 0.00000000000000 0.00000000000000 0.00000000000000 0.00000000000000 0.00000000000000 0.00000000000000 0.00000000000000 0.00000000000000 0.00000000000000 0.00000000000000 0.00000000000000 0.00000000000000 0.00000000000000 0.00000000000000 0.00000000000000 0.00000000000000 0.00000000000000 0.00000000000000 0.00000000000000 0.00000000000000
# fsh_sel_coff:
 -5.91369988063300 -3.31218078865169 -1.42140509793060 -0.294747136585064 0.285102797369640 0.627122874860505 0.696794979229974 0.568344769532365
 -8.55019470638680 -6.09568841818355 -3.66489202565479 -1.52397900863136 -0.133849163669946 0.664131149699501 0.905842099581617 0.901203597638041
 -4.15916758188041 -2.71759919180378 -1.66150423009937 -1.01264946059769 -0.552210499983962 0.501217903901547 1.20276019952559 0.593070636644707
# srv_sel_coff[1]:
 0.00000000000000 0.00000000000000 0.00000000000000 0.00000000000000 0.00000000000000 0.00000000000000 0.00000000000000 0.00000000000000
# srv_sel_coff[2]:
 0.00000000000000 0.00000000000000 0.00000000000000 0.00000000000000 0.00000000000000 0.00000000000000 0.00000000000000 0.00000000000000
# srv_sel_coff[3]:
 0.00000000000000 0.00000000000000 0.00000000000000 0.00000000000000 0.00000000000000 0.00000000000000 0.00000000000000 0.00000000000000
# srv_sel_inf[1]:
5.51176686507
# srv_sel_inf[2]:
1.79396767475
# srv_sel_inf[3]:
2.73434551745
# srv_sel_slp[1]:
0.815568259522
# srv_sel_slp[2]:
1.81164155141
# srv_sel_slp[3]:
2.07744335388
# log_eit_q:
-8.55267514538
# log_srv_q:
 0.00000000000 0.00000000000 0.00000000000
# ln_mean_M2_fut:
 0.00000000000 0.00000000000 0.00000000000 0.00000000000 0.00000000000 0.00000000000 0.00000000000 0.00000000000 0.00000000000 0.00000000000 0.00000000000 0.00000000000
 0.00000000000 0.00000000000 0.00000000000 0.00000000000 0.00000000000 0.00000000000 0.00000000000 0.00000000000 0.00000000000 0.00000000000 0.00000000000 0.00000000000
 0.00000000000 0.00000000000 0.00000000000 0.00000000000 0.00000000000 0.00000000000 0.00000000000 0.00000000000 0.00000000000 0.00000000000 0.00000000000 0.00000000000 0.00000000000 0.00000000000 0.00000000000 0.00000000000 0.00000000000 0.00000000000 0.00000000000 0.00000000000 0.00000000000
# ln_sigma_rec:
 0.00000000000 0.00000000000 0.00000000000
# h_rec:
 0.700000000000 0.700000000000 0.700000000000
