# Number of parameters = 313 Objective function value = -1854292.98931228  Maximum gradient component = 7.37192741655070e-09
# ln_mn_rec:
 17.0163584814099 12.8160029676716 12.0041996744840
# ln_mean_F:
 -1.97666017956332 -1.22956087856396 -3.44369050854099
# ln_mean_M2:
 -0.800000000000000 -0.800000000000000 -0.800000000000000 -0.800000000000000 -0.800000000000000 -0.800000000000000 -0.800000000000000 -0.800000000000000 -0.800000000000000 -0.800000000000000 -0.800000000000000 -0.800000000000000
 -0.800000000000000 -0.800000000000000 -0.800000000000000 -0.800000000000000 -0.800000000000000 -0.800000000000000 -0.800000000000000 -0.800000000000000 -0.800000000000000 -0.800000000000000 -0.800000000000000 -0.800000000000000
 -0.800000000000000 -0.800000000000000 -0.800000000000000 -0.800000000000000 -0.800000000000000 -0.800000000000000 -0.800000000000000 -0.800000000000000 -0.800000000000000 -0.800000000000000 -0.800000000000000 -0.800000000000000 -0.800000000000000 -0.800000000000000 -0.800000000000000 -0.800000000000000 -0.800000000000000 -0.800000000000000 -0.800000000000000 -0.800000000000000 -0.800000000000000
# rec_dev:
 1.14752296853413 0.519967684337875 0.904287934532706 0.522186224932744 1.66551965217509 0.582802931891656 1.44958590636033 0.841199659116192 0.385373402694000 -0.0804817940950215 0.458212082798696 1.45376134608061 0.763770942642692 0.317691082054928 1.10582002668497 0.272426803978510 0.108293130213788 0.783550323174676 1.10508870535504 0.484550375122577 0.299759334752810 0.734222362212737 1.04012625171606 0.668285603045351 0.474059319870324 -0.215774569161445 -0.516553388721942 0.178480648957988 0.848080791829309 -0.00112409194708185 1.20474099517369 0.600513115923370 0.225694858177077 -0.0204140486980453 1.52677716784320 0.933498679473193 0.366812009698336 -0.143971373310157 0.00630213946736013
 0.879259338039667 0.340096036589838 0.349562203022490 0.478618018825243 1.21609610186114 0.455268879509605 1.02864752398403 0.276954645191243 -0.0991825058304272 -0.177061707996828 0.815986542847089 1.17491479586511 0.614527411608513 0.604156424104520 0.807240778179521 -0.115766241537697 0.177502197359003 0.582275163000913 1.01067683215590 0.339501765220316 0.504497406044027 0.961300007448184 0.0654686872760237 0.0273250036236927 -0.0947452081226015 0.0899967513637208 -0.247289007399088 0.307555692298216 0.943837783538266 0.562954625887519 1.15929949707155 0.185898867653853 1.06324319293705 1.11621185087012 0.837747080829505 0.464352132154406 -0.532626905254972 -0.311520016303929 -0.925439891694380
 -0.489751997122161 -0.284188216843537 0.599289309813930 -0.833886103267904 -0.389704054364250 0.477050533091237 1.00527211457884 0.623143270545688 0.706680059943087 0.292075071982401 0.574372625523429 0.673324299406239 0.939908446642750 1.16274411888256 1.17425656103599 0.419124479458286 0.633590589525090 0.909979932423200 0.489889592862179 0.468204319870082 0.898377703863787 0.577121133077219 0.764264472354707 0.963422564355117 1.19871714435560 0.862999778716310 0.463337268132921 0.828654774776069 0.550636445909225 0.421467749680122 0.666161927039060 0.526486243751872 0.106536908131540 0.705923873693798 0.600487651611946 0.366032262870885 0.153820484892705 0.674538901529996 0.225112731792843
# init_dev:
 -0.134943476825558 -1.06316987452158 -1.72126642845434 -1.86276745201392 -2.31093143942001 -2.79361310497615 -2.80300069925851 -2.51569210391452 -2.34994881744338 -2.29076294553225 -3.15454885185767
 0.432331559150441 0.817499094131115 -0.881793845271957 -0.929504501819949 -1.29848886391002 -2.41748771435247 -2.62307319549179 -2.56923422896554 -2.41769014224845 -2.22589704178064 -2.82400287064533
 -0.449556783829694 -0.00278556849685074 -1.57819158096500 -0.0287530400496419 -1.03862720193445 -0.503477441913860 -0.250142858204509 -1.00677645114618 -1.44375038945053 -1.59971256511546 -1.63672564610260 -1.61127658493085 -1.54431086069287 -1.44986312550470 -1.31808465018827 -1.17279811167054 -1.02849568283608 -0.887458388936913 -0.721644133367800 -1.43304390904738
# F_dev:
 1.01586206200809 0.998621755912268 0.550147919912568 0.0632574322467470 -0.285264992823747 -0.388592252939068 -0.540483704382000 -0.458700140743270 -0.703615878440164 -0.353387378399701 -0.266738579779007 0.0570473718342441 0.0736615558912455 0.361899730776081 0.164230348945644 -0.0610727594220162 -0.0790848475260990 -0.177893389254079 -0.301283781043125 -0.171472424615292 -0.220950983061961 -0.0726727584975855 0.0507185557462009 0.132998523329057 0.200469273126300 0.138520247030481 0.185054424002624 0.241107256407048 0.239965032472107 0.199238895620518 0.0404106976068963 -0.0656212739825808 0.176833366845745 -0.0573939092064055 -0.164625326662174 -0.0887532712083701 -0.102710894907240 -0.0703451656445662 -0.259380736957404
 -0.268710705437760 -0.445404672320315 -0.769979092723998 -1.43869302574065 -1.08824986587277 -0.973396085989386 -0.774869103756766 -0.701352973830783 -0.685236730306308 -0.312280144764188 -0.446876738246610 -0.378371019148673 0.0411861422624238 0.189089243493255 0.394621917958291 0.259274998812582 0.415112395807032 0.257571352667622 0.463264617935522 -0.102947552514527 0.318108390999319 0.404813772033945 0.242946939121730 0.373822676997088 0.203088148436832 0.282636947613407 0.110126876893785 0.378021755162258 0.254323942964159 0.415135589064832 0.492414762825341 0.241626117729748 0.531346184722125 0.564159389243288 0.460552805272929 0.393371487474443 0.387828379176709 0.206139146574243 0.105783729434542
 0.614441311558899 0.911712621318417 0.832230045053169 0.526960276451749 0.615306067325768 0.324375891043493 0.0590551504494741 -0.0359132708994494 -0.429531226922549 1.00838507567160 -0.0361312096790698 0.358355702400971 0.631250261907720 0.113075009219845 -0.235603810362754 0.189432458232336 -0.393356569943714 0.132430936728367 -0.415388795724200 -0.0795370489431395 -0.571344159726049 -0.317580171044638 -0.238258400625069 -0.403335882126552 -0.193379633745845 -0.0265628724205573 -0.0792684055345738 -0.443752526780084 -0.578139423875204 -0.0932955009084058 -0.0835575020670696 -0.276188188576535 -0.0599078959428567 0.0190509865222346 -0.240010006516085 -0.157621718782204 -0.524356044217457 -0.231342777670845 -0.192698750870505
# M1_dev:
 0.00000000000000 0.00000000000000 0.00000000000000 0.00000000000000 0.00000000000000 0.00000000000000 0.00000000000000 0.00000000000000 0.00000000000000 0.00000000000000 0.00000000000000 0.00000000000000
 0.00000000000000 0.00000000000000 0.00000000000000 0.00000000000000 0.00000000000000 0.00000000000000 0.00000000000000 0.00000000000000 0.00000000000000 0.00000000000000 0.00000000000000 0.00000000000000
 0.00000000000000 0.00000000000000 0.00000000000000 0.00000000000000 0.00000000000000 0.00000000000000 0.00000000000000 0.00000000000000 0.00000000000000 0.00000000000000 0.00000000000000 0.00000000000000 0.00000000000000 0.00000000000000 0.00000000000000 0.00000000000000 0.00000000000000 0.00000000000000 0.00000000000000 0.00000000000000 0.00000000000000
# M2_dev:
 0.00000000000000 0.00000000000000 0.00000000000000 0.00000000000000 0.00000000000000 0.00000000000000 0.00000000000000 0.00000000000000 0.00000000000000 0.00000000000000 0.00000000000000 0.00000000000000 0.00000000000000 0.00000000000000 0.00000000000000 0.00000000000000 0.00000000000000 0.00000000000000 0.00000000000000 0.00000000000000 0.00000000000000 0.00000000000000 0.00000000000000 0.00000000000000 0.00000000000000 0.00000000000000 0.00000000000000 0.00000000000000 0.00000000000000 0.00000000000000 0.00000000000000 0.00000000000000 0.00000000000000 0.00000000000000 0.00000000000000 0.00000000000000 0.00000000000000 0.00000000000000 0.00000000000000
 0.00000000000000 0.00000000000000 0.00000000000000 0.00000000000000 0.00000000000000 0.00000000000000 0.00000000000000 0.00000000000000 0.00000000000000 0.00000000000000 0.00000000000000 0.00000000000000 0.00000000000000 0.00000000000000 0.00000000000000 0.00000000000000 0.00000000000000 0.00000000000000 0.00000000000000 0.00000000000000 0.00000000000000 0.00000000000000 0.00000000000000 0.00000000000000 0.00000000000000 0.00000000000000 0.00000000000000 0.00000000000000 0.00000000000000 0.00000000000000 0.00000000000000 0.00000000000000 0.00000000000000 0.00000000000000 0.00000000000000 0.00000000000000 0.00000000000000 0.00000000000000 0.00000000000000
 0.00000000000000 0.00000000000000 0.00000000000000 0.00000000000000 0.00000000000000 0.00000000000000 0.00000000000000 0.00000000000000 0.00000000000000 0.00000000000000 0.00000000000000 0.00000000000000 0.00000000000000 0.00000000000000 0.00000000000000 0.00000000000000 0.00000000000000 0.00000000000000 0.00000000000000 0.00000000000000 0.00000000000000 0.00000000000000 0.00000000000000 0.00000000000000 0.00000000000000 0.00000000000000 0.00000000000000 0.00000000000000 0.00000000000000 0.00000000000000 0.00000000000000 0.00000000000000 0.00000000000000 0.00000000000000 0.00000000000000 0.00000000000000 0.00000000000000 0.00000000000000 0.00000000000000
# fsh_sel_coff:
 -5.91261924549359 -3.31077914885393 -1.42083529451333 -0.294913807011022 0.284653427625921 0.626661920697540 0.696737826912050 0.569198496119221
 -8.55464321462383 -6.09983769990547 -3.66877976284937 -1.52772453152661 -0.137289402111357 0.662065812452923 0.906400060258487 0.903862256592004
 -4.15837930930057 -2.71690984933764 -1.66112633076011 -1.01256809706911 -0.551828301632944 0.501082433310755 1.20256518060434 0.593344173614362
# srv_sel_coff[1]:
 0.00000000000000 0.00000000000000 0.00000000000000 0.00000000000000 0.00000000000000 0.00000000000000 0.00000000000000 0.00000000000000
# srv_sel_coff[2]:
 0.00000000000000 0.00000000000000 0.00000000000000 0.00000000000000 0.00000000000000 0.00000000000000 0.00000000000000 0.00000000000000
# srv_sel_coff[3]:
 0.00000000000000 0.00000000000000 0.00000000000000 0.00000000000000 0.00000000000000 0.00000000000000 0.00000000000000 0.00000000000000
# srv_sel_inf[1]:
5.50425933981
# srv_sel_inf[2]:
1.78546288521
# srv_sel_inf[3]:
2.72902989467
# srv_sel_slp[1]:
0.816925889275
# srv_sel_slp[2]:
1.82664813035
# srv_sel_slp[3]:
2.08354138522
# log_eit_q:
-8.55059739391
# log_srv_q:
 0.00000000000 0.00000000000 0.00000000000
# ln_mean_M2_fut:
 0.00000000000 0.00000000000 0.00000000000 0.00000000000 0.00000000000 0.00000000000 0.00000000000 0.00000000000 0.00000000000 0.00000000000 0.00000000000 0.00000000000
 0.00000000000 0.00000000000 0.00000000000 0.00000000000 0.00000000000 0.00000000000 0.00000000000 0.00000000000 0.00000000000 0.00000000000 0.00000000000 0.00000000000
 0.00000000000 0.00000000000 0.00000000000 0.00000000000 0.00000000000 0.00000000000 0.00000000000 0.00000000000 0.00000000000 0.00000000000 0.00000000000 0.00000000000 0.00000000000 0.00000000000 0.00000000000 0.00000000000 0.00000000000 0.00000000000 0.00000000000 0.00000000000 0.00000000000
# ln_sigma_rec:
 0.00000000000 0.00000000000 0.00000000000
# h_rec:
 0.700000000000 0.700000000000 0.700000000000
