# Number of parameters = 313 Objective function value = -1854292.98946876  Maximum gradient component = 8.43703017922008e-09
# ln_mn_rec:
 17.0163589239957 12.8160031197235 12.0041998506869
# ln_mean_F:
 -1.97666019381775 -1.22956104597114 -3.44369059776700
# ln_mean_M2:
 -0.800000000000000 -0.800000000000000 -0.800000000000000 -0.800000000000000 -0.800000000000000 -0.800000000000000 -0.800000000000000 -0.800000000000000 -0.800000000000000 -0.800000000000000 -0.800000000000000 -0.800000000000000
 -0.800000000000000 -0.800000000000000 -0.800000000000000 -0.800000000000000 -0.800000000000000 -0.800000000000000 -0.800000000000000 -0.800000000000000 -0.800000000000000 -0.800000000000000 -0.800000000000000 -0.800000000000000
 -0.800000000000000 -0.800000000000000 -0.800000000000000 -0.800000000000000 -0.800000000000000 -0.800000000000000 -0.800000000000000 -0.800000000000000 -0.800000000000000 -0.800000000000000 -0.800000000000000 -0.800000000000000 -0.800000000000000 -0.800000000000000 -0.800000000000000 -0.800000000000000 -0.800000000000000 -0.800000000000000 -0.800000000000000 -0.800000000000000 -0.800000000000000
# rec_dev:
 1.14752275697144 0.519967585073257 0.904288086184437 0.522186540656286 1.66551929137609 0.582802028468194 1.44958459024150 0.841197889348077 0.385372221363557 -0.0804823750881454 0.458211844552419 1.45376127712810 0.763771285320763 0.317691654802763 1.10582043484533 0.272427693514087 0.108294633024625 0.783551848280663 1.10509064424372 0.484549170137509 0.299758370857576 0.734220649946593 1.04012384208646 0.668284407160229 0.474059218286563 -0.215773834142077 -0.516551434236145 0.178489186187118 0.848087372926514 -0.00112278633480578 1.20473884845638 0.600510636565343 0.225692789375822 -0.0204151568653952 1.52677747762899 0.933498546991700 0.366812458933401 -0.143972278028500 0.00630230203327287
 0.879259441707120 0.340096133546936 0.349562808895868 0.478618279180571 1.21609627254971 0.455268520730030 1.02864707848095 0.276953817876757 -0.0991834777241145 -0.177062127057168 0.815986268543096 1.17491472440051 0.614527459446357 0.604156588765195 0.807240992570712 -0.115766090147112 0.177502598045105 0.582275828004491 1.01067768656304 0.339501674928592 0.504496950114415 0.961299768502816 0.0654677930358964 0.0273246476692002 -0.0947453264538698 0.0899967274671614 -0.247288536287630 0.307557312286907 0.943839771152446 0.562954993771887 1.15929887926917 0.185898307297416 1.06324238179647 1.11621144256771 0.837747143949034 0.464352091068005 -0.532626741933939 -0.311519746572683 -0.925439861244442
 -0.489752072188828 -0.284188160535132 0.599289374090691 -0.833885592441222 -0.389703787271749 0.477050313458882 1.00527174994143 0.623142594967225 0.706679458656993 0.292074879446830 0.574372523030164 0.673324513081749 0.939908535389488 1.16274450362711 1.17425695353191 0.419124808944588 0.633591285430612 0.909980840612494 0.489890671831718 0.468204142563003 0.898377526089204 0.577120798689940 0.764263640618331 0.963422205272002 1.19871702333918 0.862999920143706 0.463337452981490 0.828657016655747 0.550638395049168 0.421468087795866 0.666161091351489 0.526485221286531 0.106536007241365 0.705923393593043 0.600487706677697 0.366032167761999 0.153820691629704 0.674539067287350 0.225112669315370
# init_dev:
 -0.134943884012694 -1.06317029630208 -1.72126685471524 -1.86276788309607 -2.31093186168107 -2.79361350991496 -2.80300110111653 -2.51569251205225 -2.34994922166019 -2.29076333221432 -3.15454926084922
 0.432331783941812 0.817498787743254 -0.881793749933358 -0.929504860233987 -1.29848889046882 -2.41748781331946 -2.62307326446138 -2.56923427564770 -2.41769019091547 -2.22589707908436 -2.82400292333868
 -0.449556904099728 -0.00278572305445479 -1.57819168369152 -0.0287532234219672 -1.03862733674597 -0.503477544989046 -0.250143108726071 -1.00677644311279 -1.44375059602310 -1.59971268871261 -1.63672574401121 -1.61127677376219 -1.54431092645300 -1.44986329501569 -1.31808477122965 -1.17279824756982 -1.02849583168240 -0.887458492250392 -0.721644228763468 -1.43304405548453
# F_dev:
 1.01586204951956 0.998621732518181 0.550147874570175 0.0632573699379950 -0.285265046609346 -0.388592294678720 -0.540483714987811 -0.458700101278568 -0.703615822474735 -0.353387322155388 -0.266738528804563 0.0570474037758135 0.0736615692300475 0.361899710642998 0.164230283223874 -0.0610728597300074 -0.0790849652431813 -0.177893502089983 -0.301283847863244 -0.171472445535910 -0.220950973441642 -0.0726727217806875 0.0507185970194275 0.132998552521613 0.200469259328866 0.138520172286841 0.185054290320380 0.241107112232438 0.239964955730398 0.199238862878268 0.0404107604540833 -0.0656210597043305 0.176833613486204 -0.0573936989662176 -0.164625184931568 -0.0887531841599980 -0.102710858315271 -0.0703452193406200 -0.259380817343953
 -0.268710647830719 -0.445404585739666 -0.769978998266657 -1.43869297055699 -1.08824989263399 -0.973396193575216 -0.774869259568842 -0.701353136475314 -0.685236818240449 -0.312280131385688 -0.446876664836843 -0.378370914153788 0.0411862714774465 0.189089393475452 0.394622037855159 0.259275054063117 0.415112358734024 0.257571219241830 0.463264432341521 -0.102947751705173 0.318108227400158 0.404813643509174 0.242946904523025 0.373822719449340 0.203088251129643 0.282637065546032 0.110126935611110 0.378021707562954 0.254323855898495 0.415135486829076 0.492414588531574 0.241626005666138 0.531346203609811 0.564159495215556 0.460552930610234 0.393371606524980 0.387828497103452 0.206139240842599 0.105783832244267
 0.614441358693618 0.911712671796838 0.832230098427234 0.526960321201884 0.615306108473774 0.324375931779956 0.0590551957439907 -0.0359132264675779 -0.429531178433859 1.00838513713242 -0.0361311578837267 0.358355747741903 0.631250289069257 0.113075028464749 -0.235603808790469 0.189432435297309 -0.393356610799705 0.132430844128038 -0.415388871697131 -0.0795371370900906 -0.571344244975831 -0.317580235749384 -0.238258473528205 -0.403335932752904 -0.193379685082570 -0.0265629412871711 -0.0792684744265149 -0.443752608291687 -0.578139490601709 -0.0932955514777962 -0.0835575393032766 -0.276188201099952 -0.0599078863507074 0.0190510268769373 -0.240009955772834 -0.157621658824389 -0.524355969871401 -0.231342695209980 -0.192698659082689
# M1_dev:
 0.00000000000000 0.00000000000000 0.00000000000000 0.00000000000000 0.00000000000000 0.00000000000000 0.00000000000000 0.00000000000000 0.00000000000000 0.00000000000000 0.00000000000000 0.00000000000000
 0.00000000000000 0.00000000000000 0.00000000000000 0.00000000000000 0.00000000000000 0.00000000000000 0.00000000000000 0.00000000000000 0.00000000000000 0.00000000000000 0.00000000000000 0.00000000000000
 0.00000000000000 0.00000000000000 0.00000000000000 0.00000000000000 0.00000000000000 0.00000000000000 0.00000000000000 0.00000000000000 0.00000000000000 0.00000000000000 0.00000000000000 0.00000000000000 0.00000000000000 0.00000000000000 0.00000000000000 0.00000000000000 0.00000000000000 0.00000000000000 0.00000000000000 0.00000000000000 0.00000000000000
# M2_dev:
 0.00000000000000 0.00000000000000 0.00000000000000 0.00000000000000 0.00000000000000 0.00000000000000 0.00000000000000 0.00000000000000 0.00000000000000 0.00000000000000 0.00000000000000 0.00000000000000 0.00000000000000 0.00000000000000 0.00000000000000 0.00000000000000 0.00000000000000 0.00000000000000 0.00000000000000 0.00000000000000 0.00000000000000 0.00000000000000 0.00000000000000 0.00000000000000 0.00000000000000 0.00000000000000 0.00000000000000 0.00000000000000 0.00000000000000 0.00000000000000 0.00000000000000 0.00000000000000 0.00000000000000 0.00000000000000 0.00000000000000 0.00000000000000 0.00000000000000 0.00000000000000 0.00000000000000
 0.00000000000000 0.00000000000000 0.00000000000000 0.00000000000000 0.00000000000000 0.00000000000000 0.00000000000000 0.00000000000000 0.00000000000000 0.00000000000000 0.00000000000000 0.00000000000000 0.00000000000000 0.00000000000000 0.00000000000000 0.00000000000000 0.00000000000000 0.00000000000000 0.00000000000000 0.00000000000000 0.00000000000000 0.00000000000000 0.00000000000000 0.00000000000000 0.00000000000000 0.00000000000000 0.00000000000000 0.00000000000000 0.00000000000000 0.00000000000000 0.00000000000000 0.00000000000000 0.00000000000000 0.00000000000000 0.00000000000000 0.00000000000000 0.00000000000000 0.00000000000000 0.00000000000000
 0.00000000000000 0.00000000000000 0.00000000000000 0.00000000000000 0.00000000000000 0.00000000000000 0.00000000000000 0.00000000000000 0.00000000000000 0.00000000000000 0.00000000000000 0.00000000000000 0.00000000000000 0.00000000000000 0.00000000000000 0.00000000000000 0.00000000000000 0.00000000000000 0.00000000000000 0.00000000000000 0.00000000000000 0.00000000000000 0.00000000000000 0.00000000000000 0.00000000000000 0.00000000000000 0.00000000000000 0.00000000000000 0.00000000000000 0.00000000000000 0.00000000000000 0.00000000000000 0.00000000000000 0.00000000000000 0.00000000000000 0.00000000000000 0.00000000000000 0.00000000000000 0.00000000000000
# fsh_sel_coff:
 -5.91261943267385 -3.31077918519251 -1.42083529506203 -0.294913803298475 0.284653434562109 0.626661918403818 0.696737819761152 0.569198500998708
 -8.55464316912732 -6.09983762724066 -3.66877966590216 -1.52772443578636 -0.137289323788071 0.662065883069755 0.906400041330221 0.903862182982440
 -4.15837936120736 -2.71690985993256 -1.66112632791336 -1.01256808303881 -0.551828297375078 0.501082452126143 1.20256518186199 0.593344150504260
# srv_sel_coff[1]:
 0.00000000000000 0.00000000000000 0.00000000000000 0.00000000000000 0.00000000000000 0.00000000000000 0.00000000000000 0.00000000000000
# srv_sel_coff[2]:
 0.00000000000000 0.00000000000000 0.00000000000000 0.00000000000000 0.00000000000000 0.00000000000000 0.00000000000000 0.00000000000000
# srv_sel_coff[3]:
 0.00000000000000 0.00000000000000 0.00000000000000 0.00000000000000 0.00000000000000 0.00000000000000 0.00000000000000 0.00000000000000
# srv_sel_inf[1]:
5.50425919329
# srv_sel_inf[2]:
1.78546301097
# srv_sel_inf[3]:
2.72902991225
# srv_sel_slp[1]:
0.816925996665
# srv_sel_slp[2]:
1.82664814656
# srv_sel_slp[3]:
2.08354140121
# log_eit_q:
-8.55059743470
# log_srv_q:
 0.00000000000 0.00000000000 0.00000000000
# ln_mean_M2_fut:
 0.00000000000 0.00000000000 0.00000000000 0.00000000000 0.00000000000 0.00000000000 0.00000000000 0.00000000000 0.00000000000 0.00000000000 0.00000000000 0.00000000000
 0.00000000000 0.00000000000 0.00000000000 0.00000000000 0.00000000000 0.00000000000 0.00000000000 0.00000000000 0.00000000000 0.00000000000 0.00000000000 0.00000000000
 0.00000000000 0.00000000000 0.00000000000 0.00000000000 0.00000000000 0.00000000000 0.00000000000 0.00000000000 0.00000000000 0.00000000000 0.00000000000 0.00000000000 0.00000000000 0.00000000000 0.00000000000 0.00000000000 0.00000000000 0.00000000000 0.00000000000 0.00000000000 0.00000000000
# ln_sigma_rec:
 0.00000000000 0.00000000000 0.00000000000
# h_rec:
 0.700000000000 0.700000000000 0.700000000000
